21.2517 880.00000000
4.76199 880.48444444
3.90241 880.31000000
3.39387 880.78277778
3.38281 880.05666667
3.36908 880.13777778
3.31384 880.12777778
3.2241 880.66555556
3.21666 880.30777778
3.20671 880.63444444
3.20494 880.17833333
3.20336 880.49833333
3.15226 880.88444444
3.12468 879.95277778
3.08427 880.04277778
3.06386 880.41611111
3.0375 880.55833333
3.02226 880.27111111
2.97825 880.47777778
2.93004 880.44277778
2.92175 880.34111111
2.91131 880.83555556
2.90133 880.42166667
2.88825 880.55500000
2.85157 880.71500000
2.8381 880.78833333
2.8091 880.83444444
2.80657 880.57500000
2.78386 880.24833333
2.75392 880.26444444
2.75186 880.06444444
2.72538 880.44111111
2.66628 880.82555556
2.62927 880.28722222
2.62229 880.42333333
2.60165 880.20000000
2.58702 880.25944444
2.57692 880.34000000
2.57611 880.73722222
2.57417 880.23055556
2.55774 879.92555556
2.54228 880.40777778
2.53669 879.97333333
2.52668 880.20277778
2.49981 879.93500000
2.48899 880.23944444
2.47851 880.61388889
2.47795 880.37111111
2.46783 880.54500000
2.46621 880.19277778
2.46328 880.52333333
2.45997 879.95444444
2.45336 880.27944444
2.4377 880.43277778
2.43566 880.69388889
2.42363 880.46166667
2.3936 880.38166667
2.38989 880.26500000
2.38498 880.01666667
2.37715 880.87000000
2.37196 880.66333333
2.36955 880.73888889
2.36159 880.28166667
2.32173 879.92500000
2.31689 880.03722222
2.31042 880.52722222
2.31025 880.09388889
2.3003 880.82944444
2.29824 880.02611111
2.29534 880.48277778
2.28346 880.39166667
2.27711 880.53500000
2.27622 880.27555556
2.2638 880.88000000
2.25768 880.73555556
2.25533 880.02888889
2.23713 880.63944444
2.22359 880.42500000
2.21675 880.54222222
2.21451 880.21000000
2.21421 880.68388889
2.21268 880.67722222
2.1905 880.71055556
2.18222 880.11333333
2.18215 880.08833333
2.18192 880.13944444
2.17889 880.60388889
2.17873 880.39000000
2.17859 880.83500000
2.17389 880.27055556
2.16318 880.34388889
2.15968 880.43611111
2.15906 880.10944444
2.15697 880.21833333
2.14756 880.57333333
2.13059 880.65055556
2.12802 880.56388889
2.12512 880.36500000
2.12146 880.60000000
2.11951 879.94833333
2.11339 880.01722222
2.11236 880.13722222
2.10819 880.50000000
2.10468 879.93722222
2.1026 880.81500000
2.10105 880.26166667
2.0975 880.46888889
2.09733 880.27888889
2.09723 880.68055556
2.08831 880.55944444
2.08613 880.88500000
2.08112 880.58000000
2.07477 880.62888889
2.06596 880.28500000
2.06138 880.09500000
2.05717 880.07000000
2.05567 880.47666667
2.0519 880.69055556
2.04752 880.82000000
2.0454 880.32222222
2.0437 880.10888889
2.03651 880.07944444
2.03528 880.23000000
2.02817 880.44388889
2.02601 880.78000000
2.02037 880.80833333
2.01907 880.21222222
2.01809 880.27444444
2.01043 880.08777778
2.00842 879.95722222
1.99785 880.53888889
1.98166 880.05277778
1.9805 880.33333333
1.97917 880.68944444
1.9787 880.55722222
1.97441 880.34055556
1.97106 880.24333333
1.9659 880.59833333
1.95122 880.04388889
1.94159 880.52666667
1.94015 880.80055556
1.93826 880.16055556
1.92389 880.25444444
1.92375 880.55611111
1.91577 880.26333333
1.912 880.81444444
1.89864 880.35055556
1.89617 880.56111111
1.88491 880.23388889
1.88063 880.12944444
1.87506 880.25555556
1.85489 880.45222222
1.85276 879.99444444
1.8521 880.61777778
1.85136 880.16166667
1.84802 880.27777778
1.83447 880.21333333
1.8311 880.45944444
1.8252 880.11666667
1.82501 880.65444444
1.82447 880.84833333
1.82445 880.69666667
1.8242 880.49222222
1.81315 880.63611111
1.81282 880.72000000
1.80363 880.72833333
1.80142 880.75611111
1.80115 880.21166667
1.7958 880.85888889
1.78913 880.16611111
1.78735 880.14277778
1.78441 880.76000000
1.78252 880.19388889
1.77639 880.63166667
1.76747 880.49944444
1.76679 880.67000000
1.76452 880.02111111
1.75744 880.47944444
1.7573 880.49777778
1.75553 880.31388889
1.74841 880.01388889
1.74416 880.01500000
1.73312 880.32611111
1.7291 880.68722222
1.72488 880.33055556
1.72387 880.11277778
1.72109 880.34555556
1.72021 880.18166667
1.7196 880.16555556
1.71519 880.35722222
1.70782 879.95944444
1.70773 880.07388889
1.70436 879.97111111
1.70398 880.90055556
1.69994 880.83722222
1.69403 880.56944444
1.69249 879.97611111
1.6857 880.24722222
1.67596 880.34333333
1.67387 880.06055556
1.67352 880.69333333
1.67316 880.07833333
1.67125 880.70444444
1.66501 880.02833333
1.66276 880.07111111
1.66113 880.36722222
1.66093 880.62333333
1.65395 880.60611111
1.65383 880.17333333
1.65303 880.01000000
1.65208 880.21666667
1.64842 880.19555556
1.6458 880.09666667
1.64023 880.51611111
1.63955 880.84777778
1.62759 880.41500000
1.62532 880.33222222
1.62445 880.07722222
1.62307 880.16500000
1.61816 880.69944444
1.61552 880.23555556
1.61073 880.51888889
1.60642 880.39388889
1.60073 880.28222222
1.59077 880.05388889
1.58459 880.70277778
1.58101 880.36000000
1.57974 880.33722222
1.57364 880.87277778
1.56629 880.01944444
1.56537 880.64555556
1.56433 880.36222222
1.56362 880.04555556
1.55958 880.78222222
1.55861 880.36611111
1.5584 880.80333333
1.55772 880.85500000
1.55638 880.66500000
1.55312 880.58222222
1.54786 880.90000000
1.54168 880.09722222
1.5415 880.38277778
1.53882 880.65111111
1.53318 880.03833333
1.53305 880.87944444
1.52615 880.57277778
1.5248 880.74944444
1.52076 880.31222222
1.51653 880.07166667
1.51594 880.34944444
1.51352 880.69166667
1.51151 880.65388889
1.5035 880.62611111
1.5017 879.92777778
1.49374 880.85666667
1.48533 880.49666667
1.47757 880.13277778
1.47708 879.90500000
1.47596 880.74444444
1.47114 880.85611111
1.46881 879.98055556
1.46677 880.17500000
1.46673 880.11444444
1.46604 880.77055556
1.46561 880.43888889
1.45441 880.70500000
1.45037 880.50500000
1.44771 880.39611111
1.4347 880.38722222
1.42754 880.47166667
1.42725 880.76500000
1.42627 879.94500000
1.42624 880.21055556
1.42517 880.66055556
1.42261 880.75222222
1.42238 880.41000000
1.41968 880.48055556
1.41757 880.32500000
1.41538 880.75333333
1.40695 879.97722222
1.40666 880.22111111
1.40552 880.46722222
1.40478 880.48777778
1.39949 880.71444444
1.39594 880.76277778
1.39503 880.79611111
1.38988 880.40333333
1.38925 880.26277778
1.38906 880.87722222
1.38906 880.67277778
1.3887 880.03500000
1.38758 880.07555556
1.38551 880.42611111
1.38098 880.14000000
1.38008 880.30944444
1.37783 880.42111111
1.37578 880.25055556
1.3736 880.50611111
1.37326 880.06500000
1.37228 880.71388889
1.36641 879.93833333
1.36606 880.82666667
1.3633 879.97944444
1.36282 880.67888889
1.36 880.66388889
1.35957 880.73500000
1.35839 880.00666667
1.35637 880.73444444
1.35384 880.80944444
1.35057 880.85166667
1.34593 880.47444444
1.34468 880.84555556
1.34468 880.68666667
1.34454 880.74277778
1.34316 880.36666667
1.34137 880.82722222
1.3379 879.98277778
1.3357 880.19777778
1.33562 880.32944444
1.3313 879.95111111
1.33113 880.36888889
1.32897 880.16277778
1.32793 879.99944444
1.32419 880.74111111
1.32346 880.50277778
1.3234 880.66944444
1.32005 880.71611111
1.31876 879.96444444
1.31661 880.54055556
1.31442 880.32333333
1.31316 880.06777778
1.30377 879.91944444
1.30215 880.18888889
1.30053 880.44666667
1.29574 880.03222222
1.2953 880.75833333
1.29432 880.86722222
1.29228 880.32833333
1.29189 880.10722222
1.28583 880.75388889
1.28475 880.85722222
1.28432 880.48888889
1.28359 880.12166667
1.28033 880.46444444
1.27873 880.79666667
1.27824 880.26000000
1.27712 880.67611111
1.27343 880.00777778
1.27335 880.57666667
1.27161 880.88277778
1.2679 880.06277778
1.26364 880.49555556
1.26358 880.00277778
1.26183 880.00833333
1.26105 880.77611111
1.2537 880.73944444
1.25032 880.30555556
1.24884 880.55666667
1.24519 880.42944444
1.24243 880.71722222
1.24156 880.43944444
1.23182 880.55555556
1.2278 880.44611111
1.21747 880.18944444
1.21715 880.24166667
1.21481 879.94055556
1.21455 880.81833333
1.21377 880.46000000
1.21056 880.76333333
1.20996 880.61444444
1.20868 880.52611111
1.20768 880.33666667
1.20756 880.77500000
1.20706 880.24555556
1.20615 880.46277778
1.2059 880.21277778
1.20025 880.42444444
1.19928 880.75500000
1.19924 880.35388889
1.19832 880.83277778
1.19691 880.84666667
1.19361 880.53444444
1.18936 879.96944444
1.18905 880.39833333
1.18517 880.54111111
1.18429 879.91388889
1.1799 880.62055556
1.1767 880.17166667
1.17597 880.51444444
1.17586 880.19055556
1.17073 880.11111111
1.16804 880.84277778
1.16677 880.23277778
1.16233 880.48333333
1.1612 880.46777778
1.15017 880.39944444
1.14851 880.37666667
1.14642 880.59055556
1.14634 880.21611111
1.14558 880.54722222
1.14488 880.29444444
1.14365 880.26388889
1.14326 880.51277778
1.14288 880.40388889
1.14223 880.68222222
1.14006 880.68888889
1.13946 880.63000000
1.1384 880.71833333
1.13799 880.55166667
1.13569 880.83166667
1.12712 880.49055556
1.1263 880.40888889
1.12464 880.88666667
1.12333 880.57555556
1.11323 880.28666667
1.11023 880.42777778
1.10767 880.06666667
1.10684 880.32555556
1.10549 880.29055556
1.10492 880.29888889
1.10069 880.77166667
1.10003 880.72611111
1.09794 880.09944444
1.09004 880.24777778
1.08341 880.46222222
1.08331 879.96888889
1.08181 880.04222222
1.08029 880.14555556
1.07999 879.90777778
1.07954 880.86055556
1.07445 880.04611111
1.07346 880.30722222
1.07343 880.34611111
1.07199 880.26722222
1.07178 880.83777778
1.07162 880.89500000
1.06954 880.43333333
1.06809 879.98444444
1.06791 880.73055556
1.06263 880.86277778
1.05801 880.65000000
1.05758 880.76777778
1.05502 880.05111111
1.05444 880.61166667
1.05294 880.66722222
1.0521 879.93277778
1.05155 880.02777778
1.05037 879.99055556
1.04643 879.91222222
1.0457 880.58722222
1.04384 880.81722222
1.04104 880.29944444
1.041 880.58111111
1.04045 880.04722222
1.04 880.72888889
1.03818 880.26222222
1.03743 880.66833333
1.03637 880.60555556
1.03475 880.42555556
1.0329 880.52888889
1.02965 880.75444444
1.02868 880.53111111
1.02861 880.78166667
1.02751 880.25611111
1.02093 880.17888889
1.02025 880.42888889
1.02017 880.14444444
1.01935 880.19222222
1.01924 880.17111111
1.01906 880.82277778
1.01873 880.85000000
1.01844 880.18000000
1.01591 880.19111111
1.01307 880.77388889
1.01302 880.06555556
1.01125 880.46611111
1.01008 880.28444444
1.00884 880.22500000
1.00839 880.17388889
1.00751 880.50055556
1.00741 880.69888889
1.00687 879.91666667
1.00295 880.10277778
1.00173 880.38555556
1.00041 880.59611111
0.996542 880.62166667
0.995467 880.03555556
0.992931 880.20722222
0.990502 880.67222222
0.986182 880.29000000
0.984664 880.34666667
0.983942 880.74388889
0.983034 880.40944444
0.982314 880.61277778
0.981167 880.02000000
0.980213 879.96833333
0.970195 880.12833333
0.965405 880.64500000
0.964215 880.69833333
0.963807 880.87500000
0.961583 880.66277778
0.961225 880.71666667
0.96083 880.57000000
0.959292 880.79833333
0.957911 879.96666667
0.952917 880.76722222
0.951477 880.29722222
0.950941 880.60055556
0.949345 880.42277778
0.949063 880.09333333
0.947999 880.08444444
0.94682 880.09111111
0.946811 880.87777778
0.944972 880.20555556
0.944077 880.52555556
0.936646 880.71111111
0.933092 880.74833333
0.932897 880.61333333
0.931773 880.73222222
0.927765 880.70222222
0.924185 880.43055556
0.921975 880.51166667
0.920331 880.45722222
0.917875 880.64333333
0.917829 880.52222222
0.917728 880.70111111
0.915772 880.42222222
0.913906 880.84111111
0.907304 879.94277778
0.905357 880.78333333
0.905162 880.14111111
0.902083 880.58555556
0.9002 879.98833333
0.897063 880.27666667
0.89644 880.07277778
0.895302 880.17555556
0.893876 880.40222222
0.889801 880.52166667
0.888066 880.50111111
0.887758 880.08944444
0.885674 880.16722222
0.885126 880.89444444
0.883814 880.37333333
0.881457 879.97500000
0.880693 880.49611111
0.878577 880.28555556
0.876992 880.44500000
0.87383 880.62777778
0.870987 880.77000000
0.868733 880.23166667
0.868664 880.52055556
0.867449 880.57833333
0.867385 880.44222222
0.862902 880.63666667
0.86168 879.99111111
0.860838 880.89944444
0.857852 880.56222222
0.856967 880.43777778
0.854899 879.96222222
0.850159 880.25333333
0.848806 880.49388889
0.846672 880.72777778
0.846305 880.38666667
0.843434 880.77555556
0.841959 880.39555556
0.841794 880.22166667
0.840446 880.19166667
0.838002 880.78555556
0.835585 879.98555556
0.83309 880.36388889
0.832411 880.32166667
0.826227 880.25833333
0.82564 880.15666667
0.82506 880.04777778
0.821299 880.37944444
0.81824 879.96722222
0.818043 880.58888889
0.815679 880.23444444
0.813494 880.54166667
0.810467 880.86388889
0.81026 880.28000000
0.809928 880.36944444
0.808809 880.43000000
0.80819 879.93944444
0.807477 880.19500000
0.802533 880.02666667
0.802492 880.52833333
0.801187 880.50722222
0.799722 880.71166667
0.799458 879.98500000
0.799309 879.92833333
0.7985 880.17666667
0.797497 880.51944444
0.796612 880.35222222
0.790783 880.51833333
0.789222 880.88722222
0.786672 880.76444444
0.783923 880.60277778
0.783732 879.95055556
0.780871 880.66111111
0.778263 880.34166667
0.773985 880.85833333
0.773368 880.33000000
0.769559 880.04444444
0.766846 880.62833333
0.76622 879.93444444
0.765833 880.61500000
0.761029 880.13111111
0.759876 880.48833333
0.759082 880.76055556
0.756177 879.95166667
0.755464 880.27000000
0.754613 880.60777778
0.754173 880.63111111
0.753985 880.84166667
0.743423 880.21500000
0.742421 880.68111111
0.74088 880.22611111
0.740194 880.60333333
0.740126 879.97555556
0.738963 880.53000000
0.738697 880.47222222
0.738165 880.65222222
0.737528 880.42833333
0.7365 880.34777778
0.730912 880.73833333
0.729958 880.50888889
0.729594 880.75888889
0.727342 880.75555556
0.725372 880.58777778
0.724331 879.93666667
0.723343 880.69444444
0.722123 880.78666667
0.71797 880.32111111
0.716491 880.30055556
0.714969 880.33611111
0.714795 880.77722222
0.714645 880.09611111
0.714178 880.41777778
0.712215 880.00388889
0.711071 880.27277778
0.708901 880.03000000
0.708358 880.86222222
0.704515 880.54277778
0.703717 879.96388889
0.701112 880.15833333
0.699138 880.10555556
0.698711 880.16333333
0.69809 880.20944444
0.696652 880.26555556
0.694996 880.74666667
0.694276 880.41944444
0.693758 880.67666667
0.692951 880.70333333
0.692169 880.09833333
0.684806 880.16000000
0.684389 880.82222222
0.680644 880.41111111
0.680021 880.83666667
0.679968 880.29111111
0.67665 880.54333333
0.673715 880.88777778
0.673547 880.15166667
0.672509 880.71000000
0.671784 880.86555556
0.67138 880.83888889
0.670741 880.27166667
0.669819 880.73388889
0.669574 880.63388889
0.668679 880.04000000
0.667413 880.15222222
0.667081 880.38000000
0.666586 880.37833333
0.663435 880.68166667
0.661729 880.88111111
0.660502 880.20333333
0.660394 880.87666667
0.657242 880.61555556
0.656019 880.61222222
0.655726 880.72444444
0.6549 880.25277778
0.653921 879.91611111
0.650534 880.61111111
0.647611 880.31888889
0.64637 880.40500000
0.645685 880.33277778
0.645182 879.98333333
0.642623 880.44055556
0.642215 880.03111111
0.642158 880.14166667
0.642071 880.23111111
0.641186 880.81000000
0.640789 880.46055556
0.639228 880.12500000
0.638558 880.85388889
0.633075 880.42388889
0.632855 880.18222222
0.631849 880.46555556
0.629324 880.39111111
0.624898 880.00944444
0.6243 879.93222222
0.617932 880.37388889
0.61698 880.72333333
0.61267 880.72944444
0.612456 880.48666667
0.612387 880.32444444
0.61172 880.22888889
0.609955 880.06888889
0.609368 880.81944444
0.608035 880.80888889
0.605878 880.79055556
0.602848 880.34722222
0.598377 880.30500000
0.596962 880.11222222
0.595978 880.43388889
0.594344 879.95555556
0.590207 880.84944444
0.589065 880.69111111
0.588806 880.15611111
0.588783 880.09000000
0.58762 880.03277778
0.586611 880.82444444
0.58339 879.96277778
0.582814 880.68500000
0.581393 880.06111111
0.578508 880.15722222
0.576492 880.57777778
0.576215 880.51722222
0.573608 880.17777778
0.573071 880.74333333
0.572039 880.61944444
0.571938 880.75000000
0.571216 880.14333333
0.570478 880.54555556
0.569868 880.07055556
0.568971 880.17055556
0.566031 879.93777778
0.565878 880.55111111
0.564988 880.90166667
0.563761 880.25666667
0.563303 880.58666667
0.561865 880.23666667
0.561264 880.00166667
0.559464 880.53277778
0.559453 880.57444444
0.557501 880.05944444
0.557449 880.77444444
0.555094 880.56166667
0.554986 880.44000000
0.553395 880.59111111
0.55029 879.92277778
0.548774 880.67444444
0.547912 880.69722222
0.546105 880.84055556
0.544392 880.86777778
0.543113 880.82055556
0.541861 880.64611111
0.541824 880.78388889
0.539671 880.53666667
0.53907 880.40166667
0.538545 879.97833333
0.536967 880.35444444
0.535387 880.36055556
0.533872 880.77277778
0.531877 880.63055556
0.53048 880.38055556
0.528013 880.87555556
0.526048 880.65722222
0.525729 880.49888889
0.524892 879.92111111
0.524661 880.51000000
0.524367 880.58166667
0.523922 880.77111111
0.520861 880.71888889
0.519951 880.59888889
0.517642 880.75055556
0.516046 880.40722222
0.511512 880.08611111
0.509082 880.75666667
0.507128 880.29333333
0.504592 880.54666667
0.503592 880.57055556
0.501278 880.47111111
0.498884 880.71944444
0.498341 880.71777778
0.498336 880.89388889
0.497222 880.53055556
0.497082 880.03333333
0.494718 879.99611111
0.49414 880.01555556
0.494039 880.70833333
0.493723 880.10500000
0.492285 880.03166667
0.490533 880.36833333
0.490137 880.47388889
0.485853 880.66000000
0.484624 880.09555556
0.479286 880.22388889
0.477351 880.67555556
0.476548 880.20666667
0.47567 880.18111111
0.473485 880.32722222
0.473287 880.82388889
0.473184 880.05222222
0.46348 880.33777778
0.462625 880.32277778
0.460458 880.57111111
0.459534 880.37222222
0.458048 879.96611111
0.458029 880.30277778
0.457874 880.85222222
0.455441 880.59555556
0.453918 880.53388889
0.4539 879.90444444
0.452978 879.92722222
0.451774 880.03388889
0.451432 880.34277778
0.447571 880.89166667
0.445892 880.74777778
0.444838 880.75111111
0.440307 880.15888889
0.439045 880.09777778
0.43897 880.89777778
0.43847 880.13000000
0.435957 880.80111111
0.434634 880.35666667
0.433487 880.67500000
0.428133 880.87111111
0.427165 880.35111111
0.426106 879.93166667
0.425773 880.84500000
0.425124 880.73666667
0.424432 880.24500000
0.420394 880.28111111
0.415232 880.25166667
0.413622 879.98666667
0.413217 880.19000000
0.411176 880.01777778
0.410082 880.78611111
0.409532 880.06166667
0.40914 880.73277778
0.408569 880.23888889
0.407131 880.05166667
0.405799 880.81166667
0.40326 880.83611111
0.403196 880.19611111
0.401364 880.76666667
0.39933 880.00500000
0.399245 879.90722222
0.399158 880.35944444
0.397663 880.70888889
0.397651 880.24055556
0.394489 879.96111111
0.390942 880.87333333
0.389601 880.78722222
0.388871 880.64666667
0.388268 879.98166667
0.386709 880.54777778
0.385879 880.29666667
0.38316 880.52944444
0.381463 879.97055556
0.380465 879.90833333
0.380048 880.58500000
0.378475 879.94555556
0.377161 880.64388889
0.376824 880.04055556
0.376411 880.63333333
0.374515 880.65777778
0.373556 880.59388889
0.373166 880.62944444
0.373027 880.15944444
0.371605 879.96777778
0.369562 880.12555556
0.367849 880.65166667
0.366709 880.13888889
0.365597 880.10833333
0.365581 880.36111111
0.36484 880.01611111
0.363517 880.39888889
0.360231 880.74611111
0.360094 880.79277778
0.357154 879.95666667
0.354072 880.35555556
0.350243 880.70388889
0.34922 880.50444444
0.34432 879.92055556
0.342708 879.98888889
0.342637 880.02555556
0.342559 880.37777778
0.34211 879.91444444
0.338312 880.25000000
0.337842 880.84000000
0.337842 880.18555556
0.337145 880.40833333
0.336794 880.10611111
0.336324 880.55444444
0.33485 879.97222222
0.334341 880.15277778
0.332898 880.05555556
0.332412 880.50666667
0.330984 880.38888889
0.329514 880.89055556
0.327615 879.95611111
0.32748 880.20111111
0.32731 880.09166667
0.324339 880.37166667
0.323181 880.66666667
0.32274 879.91333333
0.32271 880.48944444
0.319122 880.21777778
0.316863 880.72166667
0.316457 880.76833333
0.315868 880.56611111
0.315263 880.81388889
0.312789 880.84722222
0.311825 880.20888889
0.311692 880.74166667
0.311596 880.12000000
0.310158 880.01444444
0.309613 880.17944444
0.308175 880.56777778
0.302078 880.27222222
0.300596 880.75277778
0.30017 879.94611111
0.299088 880.51555556
0.294465 880.26777778
0.294034 880.85444444
0.29402 880.74555556
0.291544 880.31444444
0.291184 880.47833333
0.290386 880.11500000
0.289175 880.43555556
0.288485 880.24222222
0.287778 880.80777778
0.287464 880.46666667
0.287313 880.65277778
0.286522 880.72055556
0.283839 880.79388889
0.281952 880.59777778
0.280963 880.82833333
0.280276 880.41833333
0.277113 880.73166667
0.276444 880.40444444
0.274366 880.45444444
0.27051 880.12277778
0.269228 880.08888889
0.26801 880.31833333
0.267535 879.95000000
0.266595 880.76611111
0.264632 880.45000000
0.263734 880.57722222
0.261147 880.68833333
0.258104 880.82500000
0.248306 880.02500000
0.247992 880.50833333
0.247591 880.55000000
0.247311 879.94166667
0.246123 879.94388889
0.246029 880.45833333
0.245752 880.20777778
0.244993 880.06833333
0.242406 880.65888889
0.24236 880.75777778
0.237389 880.80555556
0.236185 880.43222222
0.234814 880.00888889
0.234259 880.49444444
0.232915 880.53222222
0.231411 880.78444444
0.230668 880.29388889
0.228022 880.08388889
0.225669 880.50222222
0.225463 880.80722222
0.224612 880.05888889
0.224268 880.15555556
0.22414 880.00055556
0.222087 880.15333333
0.220579 880.56722222
0.219253 880.31055556
0.218641 880.77944444
0.211372 880.22333333
0.211274 880.24666667
0.210751 880.62111111
0.210109 880.88944444
0.209815 880.01222222
0.20611 880.82111111
0.205174 880.79777778
0.203305 880.02333333
0.202874 879.92944444
0.202358 879.91722222
0.200792 880.16944444
0.200636 880.04833333
0.198971 880.33111111
0.195259 880.44333333
0.194793 880.58444444
0.194603 879.93111111
0.194351 880.18666667
0.193347 880.15444444
0.192973 880.32055556
0.192097 880.52277778
0.19159 880.40555556
0.190022 880.58611111
0.189403 879.99000000
0.189343 880.81222222
0.188985 880.60722222
0.186784 880.11888889
0.185835 880.36333333
0.185647 880.40055556
0.184521 880.64833333
0.183482 880.40611111
0.181982 880.09222222
0.181838 880.04888889
0.181801 880.22944444
0.181205 880.23722222
0.179994 880.08277778
0.179031 879.91166667
0.175958 879.99388889
0.174608 880.59444444
0.174241 880.90222222
0.171125 880.24611111
0.170519 880.19333333
0.169673 880.09277778
0.16868 880.88055556
0.167873 880.64166667
0.167472 879.97444444
0.166942 879.99277778
0.166009 880.32777778
0.164697 880.80666667
0.164486 880.12722222
0.160419 880.51055556
0.156947 880.73333333
0.154337 880.14833333
0.149524 880.05500000
0.147355 879.90888889
0.14661 880.88888889
0.14633 879.91833333
0.145993 880.07666667
0.145573 880.02055556
0.143544 880.13555556
0.143141 880.12388889
0.140542 880.60944444
0.139983 880.04500000
0.139655 880.39055556
0.138222 879.97388889
0.136115 880.50944444
0.135982 880.31277778
0.1358 880.63833333
0.135168 880.56000000
0.135154 880.49722222
0.132272 880.17222222
0.13107 880.20833333
0.129644 880.38444444
0.124888 879.91777778
0.12442 880.23611111
0.124276 880.52000000
0.12342 879.97000000
0.123299 880.14500000
0.122927 880.63222222
0.122909 880.69611111
0.120245 880.46388889
0.119116 880.39500000
0.118873 880.29555556
0.118747 880.43833333
0.118612 879.90611111
0.118318 880.52111111
0.114627 879.95777778
0.114617 880.28833333
0.114154 880.51222222
0.113193 880.66222222
0.112242 880.31666667
0.110132 880.72111111
0.106255 880.84388889
0.105858 880.80166667
0.105475 880.86166667
0.105376 880.21444444
0.103964 880.37277778
0.102673 880.68000000
0.102029 880.48111111
0.100123 880.48722222
0.0980457 880.55055556
0.0976971 880.13388889
0.0972981 880.72666667
0.0952367 880.29777778
0.0951404 880.30444444
0.0910794 880.31333333
0.0902172 880.38777778
0.0901095 880.70944444
0.0896164 880.64000000
0.0868763 880.27722222
0.0850602 880.64111111
0.0845282 880.89277778
0.0840535 880.74222222
0.0839137 880.28277778
0.0809648 880.83388889
0.0775872 880.39222222
0.0751451 880.75722222
0.0741981 879.91055556
0.0734184 880.04944444
0.0664889 880.65333333
0.065934 880.20055556
0.0651635 880.67944444
0.0643266 880.81333333
0.0641041 880.19888889
0.0638588 880.88166667
0.0638037 879.95388889
0.0624715 880.31944444
0.0624463 880.39666667
0.0619693 880.79333333
0.0611667 880.35166667
0.0609397 880.03444444
0.0598483 880.18500000
0.0579221 880.10333333
0.0564569 880.02444444
0.05548 880.11388889
0.0552163 880.30833333
0.0521414 880.42055556
0.0481606 880.48000000
0.0476401 880.48388889
0.0424739 880.29166667
0.0420589 880.58055556
0.0409582 880.59500000
0.040268 880.89222222
0.0383075 880.15500000
0.0379177 880.72722222
0.0375852 880.40277778
0.0370899 880.80000000
0.0363676 880.88333333
0.0359135 880.44166667
0.0335655 880.73000000
0.0328042 880.14888889
0.0318755 880.16666667
0.0308368 880.43500000
0.0302681 880.47611111
0.0293394 880.03055556
0.0278742 880.30111111
0.0276609 880.77888889
0.0262071 880.34500000
0.0250216 880.59277778
0.0206259 880.54000000
0.0204103 880.31555556
0.017567 880.79500000
0.0158862 880.18722222
0.013678 880.06944444
0.0101765 880.80388889
0.00988299 880.85277778
0.00630814 880.79166667
0.00559501 880.58388889
0.00347624 879.95222222
0.002238 879.95833333
-0.00290757 880.12666667
-0.00334095 880.63722222
-0.00339369 880.73777778
-0.00387638 880.20500000
-0.00799926 880.86888889
-0.00889698 880.02222222
-0.00920081 880.61888889
-0.00992999 880.79111111
-0.0121611 880.26944444
-0.0142787 880.66166667
-0.0145631 880.69500000
-0.0160616 880.87611111
-0.0198841 880.17277778
-0.0206454 880.66888889
-0.0236217 880.38111111
-0.0254412 880.19666667
-0.0298221 880.29222222
-0.0303678 880.57388889
-0.0330174 880.87222222
-0.0368663 880.65833333
-0.038218 880.86333333
-0.0410304 880.56888889
-0.041285 880.33166667
-0.0417195 880.83333333
-0.0459284 880.78111111
-0.0489426 880.04166667
-0.0525782 880.54888889
-0.053117 880.37500000
-0.0536697 880.82166667
-0.0542131 880.89000000
-0.054369 880.16222222
-0.0620702 880.74055556
-0.068618 880.36777778
-0.0687899 880.17000000
-0.0693128 880.41277778
-0.0701864 880.42666667
-0.0707058 880.12055556
-0.0743873 880.03666667
-0.0777271 880.10055556
-0.0823739 879.99888889
-0.0826961 880.66777778
-0.0829506 880.88555556
-0.0839515 880.00111111
-0.0874071 880.41888889
-0.0882578 880.17444444
-0.0906953 880.63555556
-0.0908856 880.32666667
-0.0930847 880.59944444
-0.0950211 880.26055556
-0.0951301 880.12111111
-0.0972867 880.23222222
-0.0977338 880.61611111
-0.100327 880.42722222
-0.105887 880.70777778
-0.106849 880.34833333
-0.107188 880.02277778
-0.11028 879.99500000
-0.114575 880.35000000
-0.11466 879.91888889
-0.116323 880.31166667
-0.119552 880.09055556
-0.122401 880.57611111
-0.122402 880.08222222
-0.124448 879.92222222
-0.132025 880.69555556
-0.133456 880.33388889
-0.133705 880.65666667
-0.135787 880.46944444
-0.135985 880.08722222
-0.136477 880.33833333
-0.140157 880.34888889
-0.141246 880.36555556
-0.141992 880.33444444
-0.143388 880.08333333
-0.14529 880.41222222
-0.147639 879.95888889
-0.147809 880.59722222
-0.148379 880.83944444
-0.153715 880.64944444
-0.154121 880.10777778
-0.158144 879.90666667
-0.160743 879.99333333
-0.161853 880.68444444
-0.163444 880.17611111
-0.165013 879.90222222
-0.16604 880.45166667
-0.167233 880.54444444
-0.167423 880.11166667
-0.169333 880.82777778
-0.171402 880.35333333
-0.175282 880.26833333
-0.175736 880.10444444
-0.1768 880.84888889
-0.177308 880.05333333
-0.180978 880.18611111
-0.18338 880.14388889
-0.186832 880.24944444
-0.186912 880.05611111
-0.187437 880.55277778
-0.193045 879.96333333
-0.195861 880.23777778
-0.19716 880.65500000
-0.197399 880.80611111
-0.19971 880.86611111
-0.19987 880.60666667
-0.202177 880.45111111
-0.204147 880.45277778
-0.205439 880.02722222
-0.205829 880.26666667
-0.205914 880.24888889
-0.20804 880.52500000
-0.217043 880.08000000
-0.218647 880.71222222
-0.221938 880.35777778
-0.223549 880.19833333
-0.223844 880.55388889
-0.234738 880.29277778
-0.236067 880.25722222
-0.237028 880.74000000
-0.237904 880.02388889
-0.240293 880.01333333
-0.240457 880.28944444
-0.243704 880.89666667
-0.248063 880.47888889
-0.252774 880.29611111
-0.258113 880.56277778
-0.258884 880.37000000
-0.25983 880.40111111
-0.262165 880.85944444
-0.262599 880.37888889
-0.263163 880.53722222
-0.263546 880.68277778
-0.264994 880.86000000
-0.266598 879.98611111
-0.268523 880.21722222
-0.268861 880.28388889
-0.270986 880.53166667
-0.271131 879.97888889
-0.272396 879.93611111
-0.273861 880.37722222
-0.274483 879.98388889
-0.276759 880.39333333
-0.277973 880.22444444
-0.283508 880.60222222
-0.28408 879.94666667
-0.28784 880.79944444
-0.290556 880.39444444
-0.29293 879.90388889
-0.293307 880.03888889
-0.295024 880.48500000
-0.296133 880.33944444
-0.297038 880.16444444
-0.305108 880.87388889
-0.305117 879.92000000
-0.305881 880.64222222
-0.307344 879.97777778
-0.308762 880.34444444
-0.308822 880.71555556
-0.309462 880.54833333
-0.312691 880.36444444
-0.318088 880.14944444
-0.321597 880.81666667
-0.323404 880.55222222
-0.325075 880.41444444
-0.326758 880.30166667
-0.328332 880.61000000
-0.334001 880.45666667
-0.334429 880.79888889
-0.33561 880.61055556
-0.338292 880.56444444
-0.341215 880.06000000
-0.344074 880.72555556
-0.344928 880.76111111
-0.345374 880.77666667
-0.345804 880.52444444
-0.348836 880.69000000
-0.349315 880.48166667
-0.352041 880.48555556
-0.355512 880.83055556
-0.357336 880.21888889
-0.357522 879.91555556
-0.358055 880.89611111
-0.359969 880.41666667
-0.361705 880.27333333
-0.362675 880.00444444
-0.363282 880.18444444
-0.364658 880.83222222
-0.364992 880.09888889
-0.365307 880.44555556
-0.366207 880.21111111
-0.371523 880.13500000
-0.373306 880.53833333
-0.375093 880.64277778
-0.375826 880.07611111
-0.376364 880.25388889
-0.380016 880.30000000
-0.380415 880.39722222
-0.382491 880.49500000
-0.382583 880.79722222
-0.385831 879.92666667
-0.391835 880.06611111
-0.395827 880.07777778
-0.40193 880.81555556
-0.404179 880.13666667
-0.40679 880.89555556
-0.409226 880.84444444
-0.412314 880.82333333
-0.413921 880.27388889
-0.415526 880.08111111
-0.416256 880.00333333
-0.417592 880.90111111
-0.418084 880.05444444
-0.419167 880.55888889
-0.419505 880.03944444
-0.42125 880.30888889
-0.423468 880.19444444
-0.423773 879.96555556
-0.425962 880.38833333
-0.426598 880.31777778
-0.426779 880.39277778
-0.429684 880.04111111
-0.43025 880.28333333
-0.43061 879.92166667
-0.435145 880.85555556
-0.43521 879.92888889
-0.438151 880.01888889
-0.43899 880.20444444
-0.441759 880.11000000
-0.44358 880.69277778
-0.443621 880.24388889
-0.44391 880.76555556
-0.448316 879.99166667
-0.449389 880.37611111
-0.449677 879.95333333
-0.450688 880.66444444
-0.45072 880.38222222
-0.451648 880.53333333
-0.453495 880.85777778
-0.455861 880.28888889
-0.458691 880.41388889
-0.462397 880.44944444
-0.466745 880.51666667
-0.467684 880.32388889
-0.468775 880.77777778
-0.468792 880.35611111
-0.468995 880.13166667
-0.469545 880.22277778
-0.471924 880.08166667
-0.471953 880.83833333
-0.47448 880.19944444
-0.474913 880.45555556
-0.476798 880.41333333
-0.480855 880.89333333
-0.48125 880.14055556
-0.482858 880.62722222
-0.48435 880.05722222
-0.485865 880.60444444
-0.486055 880.68333333
-0.487813 880.10000000
-0.488844 880.33888889
-0.496644 879.98000000
-0.496939 879.92388889
-0.500642 880.28611111
-0.501721 880.44777778
-0.502501 880.87166667
-0.503695 879.90166667
-0.504129 880.45388889
-0.504604 880.46833333
-0.507961 880.47722222
-0.50856 880.81055556
-0.509404 880.08500000
-0.509674 880.47555556
-0.510925 880.01111111
-0.511301 880.13611111
-0.518183 879.94111111
-0.518683 880.57222222
-0.530204 880.21388889
-0.530382 879.90944444
-0.532244 879.92444444
-0.537757 879.98222222
-0.537968 880.13833333
-0.53989 880.87888889
-0.539937 880.52388889
-0.540739 879.93888889
-0.541161 879.95500000
-0.542292 880.29500000
-0.543215 880.40666667
-0.544781 879.99833333
-0.546272 880.41166667
-0.546646 880.23333333
-0.549767 879.99222222
-0.549906 880.36166667
-0.55213 879.93333333
-0.557804 880.63888889
-0.559808 880.11777778
-0.559864 880.75166667
-0.561339 880.62555556
-0.562595 880.53611111
-0.562915 880.86444444
-0.568839 880.56333333
-0.569039 880.14777778
-0.57041 880.24444444
-0.571591 879.96500000
-0.573 880.77222222
-0.573963 880.53555556
-0.57535 880.13444444
-0.578269 880.78777778
-0.579357 880.66611111
-0.580245 880.15777778
-0.581817 880.57166667
-0.584149 880.70555556
-0.588567 880.17722222
-0.588887 880.10111111
-0.589709 880.78055556
-0.592353 880.63500000
-0.598039 880.18277778
-0.59974 879.94944444
-0.600828 880.70722222
-0.60145 880.69777778
-0.602321 879.97666667
-0.602518 880.47333333
-0.606357 880.54611111
-0.60653 879.96055556
-0.606894 880.09444444
-0.607496 880.38333333
-0.609441 880.79555556
-0.61059 880.59666667
-0.610793 880.67333333
-0.612293 880.15000000
-0.616704 880.12444444
-0.617716 880.06388889
-0.618602 880.59166667
-0.621686 879.94333333
-0.628314 880.74722222
-0.630429 879.98111111
-0.630648 880.89722222
-0.635877 880.35500000
-0.637535 880.58333333
-0.639696 880.70055556
-0.644263 880.60888889
-0.645484 880.86833333
-0.646375 880.26611111
-0.648256 880.10222222
-0.649644 880.46500000
-0.651003 880.57888889
-0.65688 880.41722222
-0.657425 880.51777778
-0.658993 880.01833333
-0.661729 880.62500000
-0.662705 880.30611111
-0.670502 879.92611111
-0.673271 880.23833333
-0.674825 880.47277778
-0.674937 880.24000000
-0.676516 880.25777778
-0.677286 880.75944444
-0.678827 880.59000000
-0.681183 880.56500000
-0.682365 880.25111111
-0.68447 879.98777778
-0.685022 880.22666667
-0.685561 880.50333333
-0.685898 880.07333333
-0.686967 880.87055556
-0.688749 880.81888889
-0.69036 880.21555556
-0.692777 880.81111111
-0.694061 880.07444444
-0.694334 880.62388889
-0.695029 880.13222222
-0.710096 880.89111111
-0.711882 880.05055556
-0.71308 880.63277778
-0.714762 880.12611111
-0.71826 880.77333333
-0.722101 880.86111111
-0.722136 880.07888889
-0.722653 880.68555556
-0.723459 880.16888889
-0.725653 880.04333333
-0.727318 880.27833333
-0.727962 880.31500000
-0.728985 880.85111111
-0.730222 880.76944444
-0.739854 880.49000000
-0.740423 880.50555556
-0.742782 880.08555556
-0.744947 880.62000000
-0.746045 879.94888889
-0.748157 880.50777778
-0.748456 880.22000000
-0.759989 880.55333333
-0.764225 880.47500000
-0.767568 880.30388889
-0.76997 880.07222222
-0.775404 880.87833333
-0.775843 880.22833333
-0.776066 880.31611111
-0.78036 880.06222222
-0.780503 879.90555556
-0.780918 879.93000000
-0.782832 880.82888889
-0.784996 880.34222222
-0.78507 880.61833333
-0.787657 880.14666667
-0.788036 880.25222222
-0.796951 879.97166667
-0.799043 880.22222222
-0.809368 880.18777778
-0.816889 880.51500000
-0.824374 880.58833333
-0.825354 880.81777778
-0.832751 880.58944444
-0.832902 880.28777778
-0.83612 880.06722222
-0.836711 880.04666667
-0.841259 880.02166667
-0.846019 880.00222222
-0.846859 880.68611111
-0.847439 880.16833333
-0.857929 880.26888889
-0.858545 880.22055556
-0.859925 880.32888889
-0.860943 880.15388889
-0.864867 880.79000000
-0.866769 880.89833333
-0.867264 880.67111111
-0.867311 880.40000000
-0.868009 880.44888889
-0.868669 880.18833333
-0.871339 880.89888889
-0.874859 880.88222222
-0.876131 880.52777778
-0.876131 880.47000000
-0.876755 880.37055556
-0.877232 880.35833333
-0.878115 880.05777778
-0.87893 880.79444444
-0.886161 880.84222222
-0.889926 879.93555556
-0.892511 880.37444444
-0.894103 880.13333333
-0.89507 880.50388889
-0.897679 880.12333333
-0.911907 880.48222222
-0.915288 880.65555556
-0.918735 879.91500000
-0.920799 880.73111111
-0.925506 880.11944444
-0.938274 880.72222222
-0.939285 880.80444444
-0.943304 880.84611111
-0.945147 880.76888889
-0.946603 880.88388889
-0.948503 879.93388889
-0.949389 880.38611111
-0.952196 880.67166667
-0.956966 880.64444444
-0.957871 880.74500000
-0.958041 879.94000000
-0.960074 880.14722222
-0.960232 880.43722222
-0.961077 880.25888889
-0.962422 880.41055556
-0.963673 880.81277778
-0.969088 880.27611111
-0.974002 880.01055556
-0.976321 880.86500000
-0.985923 880.85333333
-0.989808 880.84333333
-0.992097 880.69222222
-0.998667 880.03611111
-0.998883 880.10166667
-0.999575 880.22722222
-1.00093 880.42000000
-1.00239 880.76222222
-1.00353 880.16388889
-1.00635 880.49333333
-1.01271 880.68777778
-1.01481 880.37555556
-1.01635 880.78944444
-1.01959 880.65611111
-1.0274 880.24277778
-1.03986 880.44444444
-1.0456 880.56666667
-1.04672 879.90333333
-1.04873 880.64888889
-1.04933 880.08666667
-1.05146 880.85055556
-1.05359 880.44833333
-1.05679 880.43444444
-1.0592 880.12888889
-1.06663 880.14222222
-1.06714 880.00722222
-1.07007 880.41555556
-1.07142 880.32000000
-1.07653 880.43666667
-1.08297 879.98944444
-1.08376 880.58277778
-1.09247 879.91111111
-1.09488 880.70166667
-1.0952 880.87444444
-1.09527 880.45777778
-1.09566 880.46333333
-1.09731 879.93055556
-1.09915 880.16777778
-1.10139 880.59222222
-1.10273 880.88611111
-1.104 880.47055556
-1.10408 880.45500000
-1.1055 880.20611111
-1.10634 880.82611111
-1.10791 880.38944444
-1.10912 880.76166667
-1.11254 880.49166667
-1.11525 880.19722222
-1.11902 880.11055556
-1.12033 880.03777778
-1.12299 880.43111111
-1.1252 880.70000000
-1.12721 880.62444444
-1.12955 880.67055556
-1.13215 880.80500000
-1.13905 880.01166667
-1.13965 880.07500000
-1.1398 880.46111111
-1.14405 880.81611111
-1.15435 880.65944444
-1.16009 880.51111111
-1.16205 880.11611111
-1.16382 880.20222222
-1.16647 880.60500000
-1.16974 880.70666667
-1.19301 879.99722222
-1.19522 880.71277778
-1.20772 880.15055556
-1.21205 880.45611111
-1.21773 880.45333333
-1.21827 880.63777778
-1.23083 880.53777778
-1.23401 880.48611111
-1.23726 880.11722222
-1.23768 880.11833333
-1.23815 880.21944444
-1.23816 880.88833333
-1.23861 880.08055556
-1.24855 880.60166667
-1.25581 880.51333333
-1.26137 880.67388889
-1.26505 880.80222222
-1.26719 880.49111111
-1.26898 879.92333333
-1.27311 880.71333333
-1.28252 880.38500000
-1.28445 880.78500000
-1.29014 880.29833333
-1.29362 879.96166667
-1.29534 880.18055556
-1.29955 880.31111111
-1.30327 880.79222222
-1.30582 880.51388889
-1.31113 880.86944444
-1.32623 880.83111111
-1.32762 880.78888889
-1.33278 880.30333333
-1.33515 880.18333333
-1.34537 880.72500000
-1.35522 880.54944444
-1.35999 880.06333333
-1.36675 880.74888889
-1.37612 880.45055556
-1.38197 880.57944444
-1.38277 880.30666667
-1.38982 880.56555556
-1.39049 880.14611111
-1.40031 880.60833333
-1.41025 880.30222222
-1.42484 880.49277778
-1.4254 879.97277778
-1.43252 880.61722222
-1.43547 880.73611111
-1.44025 880.50166667
-1.44604 879.99777778
-1.45022 880.72388889
-1.45237 880.33500000
-1.45493 880.39777778
-1.46745 880.62222222
-1.46964 880.80277778
-1.4724 880.53944444
-1.47806 880.56055556
-1.48691 880.00555556
-1.49754 880.33555556
-1.50113 880.55777778
-1.52068 880.35277778
-1.52906 880.36277778
-1.52918 880.77833333
-1.53244 880.20166667
-1.53254 879.94722222
-1.53727 880.13055556
-1.54601 879.94777778
-1.54795 880.76388889
-1.55682 880.86666667
-1.56005 880.67833333
-1.56932 880.62666667
-1.58193 880.05833333
-1.58882 880.16111111
-1.59399 880.35888889
-1.59456 880.54388889
-1.61555 879.99666667
-1.61934 879.96000000
-1.62546 880.64055556
-1.63892 879.98722222
-1.64079 880.62277778
-1.64162 880.15111111
-1.64589 880.22777778
-1.64785 880.64722222
-1.64921 880.28055556
-1.65565 880.11555556
-1.66852 880.27500000
-1.68215 880.20388889
-1.68522 880.60111111
-1.68545 879.99555556
-1.68896 880.18388889
-1.70517 880.05000000
-1.80302 879.91000000
-1.81895 880.83000000
-1.84141 880.70611111
-1.85234 880.67777778
-1.85469 880.64777778
-1.9742 880.25500000
-1.97725 880.24111111
-2.00175 879.94222222
-2.01429 880.00611111
-2.03721 880.45888889
-2.06856 880.22555556
-2.07486 880.10666667
-2.08395 880.56833333
-2.09747 880.38388889
-2.13043 880.10388889
-2.14248 880.02944444
-2.16314 879.91277778
-2.22003 880.01277778
-2.24035 879.90277778
-2.29866 880.59333333
-2.31089 880.26111111
-2.31478 880.61666667
-2.32773 880.31722222
-2.35385 880.43166667
-2.38321 880.72277778
-2.38969 880.12222222
-2.46615 880.44722222
-2.49637 879.94444444
-2.52539 880.23500000
