    879.90166667 0.973814 -0.503695
    879.90222222 0.991421 -0.165013
    879.90277778 0.88353 -2.24035
    879.90333333 0.945584 -1.04672
    879.90388889 0.984771 -0.29293
    879.90444444 1.0236 0.4539
    879.90500000 1.07679 1.47708
    879.90555556 0.959424 -0.780503
    879.90611111 1.00617 0.118612
    879.90666667 0.991778 -0.158144
    879.90722222 1.02076 0.399245
    879.90777778 1.05615 1.07999
    879.90833333 1.01978 0.380465
    879.90888889 1.00766 0.147355
    879.90944444 0.972427 -0.530382
    879.91000000 0.906265 -1.80302
    879.91055556 1.00386 0.0741981
    879.91111111 0.943205 -1.09247
    879.91166667 1.00931 0.179031
    879.91222222 1.0544 1.04643
    879.91277778 0.887544 -2.16314
    879.91333333 1.01678 0.32274
    879.91388889 1.06157 1.18429
    879.91444444 1.01779 0.34211
    879.91500000 0.952237 -0.918735
    879.91555556 0.981413 -0.357522
    879.91611111 1.034 0.653921
    879.91666667 1.05234 1.00687
    879.91722222 1.01052 0.202358
    879.91777778 1.00649 0.124888
    879.91833333 1.00761 0.14633
    879.91888889 0.994039 -0.11466
    879.91944444 1.06778 1.30377
    879.92000000 0.984138 -0.305117
    879.92055556 1.0179 0.34432
    879.92111111 1.02729 0.524892
    879.92166667 0.977614 -0.43061
    879.92222222 0.99353 -0.124448
    879.92277778 1.02861 0.55029
    879.92333333 0.934029 -1.26898
    879.92388889 0.974165 -0.496939
    879.92444444 0.97233 -0.532244
    879.92500000 1.1207 2.32173
    879.92555556 1.13297 2.55774
    879.92611111 0.965142 -0.670502
    879.92666667 0.979942 -0.385831
    879.92722222 1.02355 0.452978
    879.92777778 1.07807 1.5017
    879.92833333 1.04155 0.799309
    879.92888889 0.977374 -0.43521
    879.92944444 1.01055 0.202874
    879.93000000 0.959402 -0.780918
    879.93055556 0.942954 -1.09731
    879.93111111 1.01012 0.194603
    879.93166667 1.02215 0.426106
    879.93222222 1.03246 0.6243
    879.93277778 1.0547 1.0521
    879.93333333 0.971296 -0.55213
    879.93388889 0.95069 -0.948503
    879.93444444 1.03983 0.76622
    879.93500000 1.12996 2.49981
    879.93555556 0.953735 -0.889926
    879.93611111 0.985839 -0.272396
    879.93666667 1.03766 0.724331
    879.93722222 1.10942 2.10468
    879.93777778 1.02943 0.566031
    879.93833333 1.07104 1.36641
    879.93888889 0.971888 -0.540739
    879.93944444 1.04202 0.80819
    879.94000000 0.950194 -0.958041
    879.94055556 1.06316 1.21481
    879.94111111 0.973061 -0.518183
    879.94166667 1.01286 0.247311
    879.94222222 0.895934 -2.00175
    879.94277778 1.04717 0.907304
    879.94333333 0.96768 -0.621686
    879.94388889 1.0128 0.246123
    879.94444444 0.87022 -2.49637
    879.94500000 1.07415 1.42627
    879.94555556 1.01968 0.378475
    879.94611111 1.01561 0.30017
    879.94666667 0.985231 -0.28408
    879.94722222 0.920327 -1.53254
    879.94777778 0.919627 -1.54601
    879.94833333 1.11019 2.11951
    879.94888889 0.961215 -0.746045
    879.94944444 0.968821 -0.59974
    879.95000000 1.01391 0.267535
    879.95055556 1.04074 0.783732
    879.95111111 1.06921 1.3313
    879.95166667 1.03931 0.756177
    879.95222222 1.00018 0.00347624
    879.95277778 1.16244 3.12468
    879.95333333 0.976622 -0.449677
    879.95388889 1.00332 0.0638037
    879.95444444 1.12789 2.45997
    879.95500000 0.971866 -0.541161
    879.95555556 1.0309 0.594344
    879.95611111 1.01703 0.327615
    879.95666667 1.01857 0.357154
    879.95722222 1.10441 2.00842
    879.95777778 1.00596 0.114627
    879.95833333 1.00012 0.002238
    879.95888889 0.992325 -0.147639
    879.95944444 1.08879 1.70782
    879.96000000 0.915815 -1.61934
    879.96055556 0.968468 -0.60653
    879.96111111 1.02051 0.394489
    879.96166667 0.932748 -1.29362
    879.96222222 1.04444 0.854899
    879.96277778 1.03033 0.58339
    879.96333333 0.989964 -0.193045
    879.96388889 1.03658 0.703717
    879.96444444 1.06856 1.31876
    879.96500000 0.970284 -0.571591
    879.96555556 0.977969 -0.423773
    879.96611111 1.02381 0.458048
    879.96666667 1.0498 0.957911
    879.96722222 1.04254 0.81824
    879.96777778 1.01932 0.371605
    879.96833333 1.05096 0.980213
    879.96888889 1.05632 1.08331
    879.96944444 1.06183 1.18936
    879.97000000 1.00642 0.12342
    879.97055556 1.01983 0.381463
    879.97111111 1.08861 1.70436
    879.97166667 0.958569 -0.796951
    879.97222222 1.01741 0.33485
    879.97277778 0.925897 -1.4254
    879.97333333 1.13188 2.53669
    879.97388889 1.00719 0.138222
    879.97444444 1.00871 0.167472
    879.97500000 1.04582 0.881457
    879.97555556 1.03848 0.740126
    879.97611111 1.08799 1.69249
    879.97666667 0.968687 -0.602321
    879.97722222 1.07314 1.40695
    879.97777778 0.984022 -0.307344
    879.97833333 1.028 0.538545
    879.97888889 0.985905 -0.271131
    879.97944444 1.07087 1.3633
    879.98000000 0.974181 -0.496644
    879.98055556 1.07636 1.46881
    879.98111111 0.967226 -0.630429
    879.98166667 1.02019 0.388268
    879.98222222 0.972043 -0.537757
    879.98277778 1.06955 1.3379
    879.98333333 1.03354 0.645182
    879.98388889 0.98573 -0.274483
    879.98444444 1.05553 1.06809
    879.98500000 1.04156 0.799458
    879.98555556 1.04344 0.835585
    879.98611111 0.98614 -0.266598
    879.98666667 1.0215 0.413622
    879.98722222 0.914796 -1.63892
    879.98777778 0.964416 -0.68447
    879.98833333 1.0468 0.9002
    879.98888889 1.01782 0.342708
    879.98944444 0.943699 -1.08297
    879.99000000 1.00985 0.189403
    879.99055556 1.05461 1.05037
    879.99111111 1.0448 0.86168
    879.99166667 0.976693 -0.448316
    879.99222222 0.971419 -0.549767
    879.99277778 1.00868 0.166942
    879.99333333 0.991643 -0.160743
    879.99388889 1.00915 0.175958
    879.99444444 1.09632 1.85276
    879.99500000 0.994267 -0.11028
    879.99555556 0.912378 -1.68545
    879.99611111 1.02572 0.494718
    879.99666667 0.916012 -1.61555
    879.99722222 0.937978 -1.19301
    879.99777778 0.924824 -1.44604
    879.99833333 0.971678 -0.544781
    879.99888889 0.995718 -0.0823739
    879.99944444 1.06904 1.32793
    880.00000000 2.10483 21.2517
    880.00055556 1.01165 0.22414
    880.00111111 0.995636 -0.0839515
    880.00166667 1.02918 0.561264
    880.00222222 0.956018 -0.846019
    880.00277778 1.06569 1.26358
    880.00333333 0.97836 -0.416256
    880.00388889 1.03703 0.712215
    880.00444444 0.981145 -0.362675
    880.00500000 1.02076 0.39933
    880.00555556 0.922699 -1.48691
    880.00611111 0.895282 -2.01429
    880.00666667 1.07062 1.35839
    880.00722222 0.944522 -1.06714
    880.00777778 1.0662 1.27343
    880.00833333 1.0656 1.26183
    880.00888889 1.01221 0.234814
    880.00944444 1.03249 0.624898
    880.01000000 1.08594 1.65303
    880.01055556 0.949364 -0.974002
    880.01111111 0.973438 -0.510925
    880.01166667 0.940783 -1.13905
    880.01222222 1.01091 0.209815
    880.01277778 0.884586 -2.22003
    880.01333333 0.987508 -0.240293
    880.01388889 1.0909 1.74841
    880.01444444 1.01612 0.310158
    880.01500000 1.09067 1.74416
    880.01555556 1.02569 0.49414
    880.01611111 1.01897 0.36484
    880.01666667 1.12399 2.38498
    880.01722222 1.10987 2.11339
    880.01777778 1.02138 0.411176
    880.01833333 0.965741 -0.658993
    880.01888889 0.977222 -0.438151
    880.01944444 1.08143 1.56629
    880.02000000 1.05101 0.981167
    880.02055556 1.00757 0.145573
    880.02111111 1.09173 1.76452
    880.02166667 0.956265 -0.841259
    880.02222222 0.999537 -0.00889698
    880.02277778 0.994428 -0.107188
    880.02333333 1.01057 0.203305
    880.02388889 0.987632 -0.237904
    880.02444444 1.00294 0.0564569
    880.02500000 1.01291 0.248306
    880.02555556 1.01781 0.342637
    880.02611111 1.11948 2.29824
    880.02666667 1.04172 0.802533
    880.02722222 0.98932 -0.205439
    880.02777778 1.05467 1.05155
    880.02833333 1.08656 1.66501
    880.02888889 1.11725 2.25533
    880.02944444 0.888618 -2.14248
    880.03000000 1.03685 0.708901
    880.03055556 1.00153 0.0293394
    880.03111111 1.03339 0.642215
    880.03166667 1.02559 0.492285
    880.03222222 1.06736 1.29574
    880.03277778 1.03055 0.58762
    880.03333333 1.02584 0.497082
    880.03388889 1.02349 0.451774
    880.03444444 1.00317 0.0609397
    880.03500000 1.0722 1.3887
    880.03555556 1.05175 0.995467
    880.03611111 0.948082 -0.998667
    880.03666667 0.996133 -0.0743873
    880.03722222 1.12045 2.31689
    880.03777778 0.941757 -1.12033
    880.03833333 1.07971 1.53318
    880.03888889 0.984752 -0.293307
    880.03944444 0.978191 -0.419505
    880.04000000 1.03476 0.668679
    880.04055556 1.01959 0.376824
    880.04111111 0.977662 -0.429684
    880.04166667 0.997456 -0.0489426
    880.04222222 1.05624 1.08181
    880.04277778 1.16034 3.08427
    880.04333333 0.962275 -0.725653
    880.04388889 1.10144 1.95122
    880.04444444 1.04001 0.769559
    880.04500000 1.00728 0.139983
    880.04555556 1.08129 1.56362
    880.04611111 1.05586 1.07445
    880.04666667 0.956501 -0.836711
    880.04722222 1.05409 1.04045
    880.04777778 1.04289 0.82506
    880.04833333 1.01043 0.200636
    880.04888889 1.00945 0.181838
    880.04944444 1.00382 0.0734184
    880.05000000 0.911352 -1.70517
    880.05055556 0.962991 -0.711882
    880.05111111 1.05485 1.05502
    880.05166667 1.02117 0.407131
    880.05222222 1.0246 0.473184
    880.05277778 1.10302 1.98166
    880.05333333 0.990782 -0.177308
    880.05388889 1.0827 1.59077
    880.05444444 0.978265 -0.418084
    880.05500000 1.00777 0.149524
    880.05555556 1.01731 0.332898
    880.05611111 0.990283 -0.186912
    880.05666667 1.17586 3.38281
    880.05722222 0.97482 -0.48435
    880.05777778 0.954349 -0.878115
    880.05833333 0.917759 -1.58193
    880.05888889 1.01168 0.224612
    880.05944444 1.02898 0.557501
    880.06000000 0.982261 -0.341215
    880.06055556 1.08702 1.67387
    880.06111111 1.03023 0.581393
    880.06166667 1.02129 0.409532
    880.06222222 0.959431 -0.78036
    880.06277778 1.06592 1.2679
    880.06333333 0.929297 -1.35999
    880.06388889 0.967886 -0.617716
    880.06444444 1.14306 2.75186
    880.06500000 1.07139 1.37326
    880.06555556 1.05266 1.01302
    880.06611111 0.979629 -0.391835
    880.06666667 1.05759 1.10767
    880.06722222 0.956532 -0.83612
    880.06777778 1.06827 1.31316
    880.06833333 1.01274 0.244993
    880.06888889 1.03171 0.609955
    880.06944444 1.00071 0.013678
    880.07000000 1.10695 2.05717
    880.07055556 1.02963 0.569868
    880.07111111 1.08644 1.66276
    880.07166667 1.07884 1.51653
    880.07222222 0.959971 -0.76997
    880.07277778 1.0466 0.89644
    880.07333333 0.964342 -0.685898
    880.07388889 1.08878 1.70773
    880.07444444 0.963917 -0.694061
    880.07500000 0.940752 -1.13965
    880.07555556 1.07214 1.38758
    880.07611111 0.980462 -0.375826
    880.07666667 1.00759 0.145993
    880.07722222 1.08445 1.62445
    880.07777778 0.979422 -0.395827
    880.07833333 1.08698 1.67316
    880.07888889 0.962458 -0.722136
    880.07944444 1.10587 2.03651
    880.08000000 0.988716 -0.217043
    880.08055556 0.935608 -1.23861
    880.08111111 0.978398 -0.415526
    880.08166667 0.975466 -0.471924
    880.08222222 0.993637 -0.122402
    880.08277778 1.00936 0.179994
    880.08333333 0.992546 -0.143388
    880.08388889 1.01185 0.228022
    880.08444444 1.04928 0.947999
    880.08500000 0.973517 -0.509404
    880.08555556 0.961385 -0.742782
    880.08611111 1.02659 0.511512
    880.08666667 0.945448 -1.04933
    880.08722222 0.99293 -0.135985
    880.08777778 1.10452 2.01043
    880.08833333 1.11344 2.18215
    880.08888889 1.014 0.269228
    880.08944444 1.04615 0.887758
    880.09000000 1.03061 0.588783
    880.09055556 0.993785 -0.119552
    880.09111111 1.04922 0.94682
    880.09166667 1.01702 0.32731
    880.09222222 1.00946 0.181982
    880.09277778 1.00882 0.169673
    880.09333333 1.04934 0.949063
    880.09388889 1.1201 2.31025
    880.09444444 0.968449 -0.606894
    880.09500000 1.10717 2.06138
    880.09555556 1.02519 0.484624
    880.09611111 1.03715 0.714645
    880.09666667 1.08556 1.6458
    880.09722222 1.08015 1.54168
    880.09777778 1.02282 0.439045
    880.09833333 1.03598 0.692169
    880.09888889 0.981025 -0.364992
    880.09944444 1.05708 1.09794
    880.10000000 0.97464 -0.487813
    880.10055556 0.995959 -0.0777271
    880.10111111 0.969385 -0.588887
    880.10166667 0.948071 -0.998883
    880.10222222 0.966299 -0.648256
    880.10277778 1.05214 1.00295
    880.10333333 1.00301 0.0579221
    880.10388889 0.889244 -2.13043
    880.10444444 0.990864 -0.175736
    880.10500000 1.02567 0.493723
    880.10555556 1.03635 0.699138
    880.10611111 1.01751 0.336794
    880.10666667 0.892133 -2.07486
    880.10722222 1.06716 1.29189
    880.10777778 0.991988 -0.154121
    880.10833333 1.01901 0.365597
    880.10888889 1.10625 2.0437
    880.10944444 1.11224 2.15906
    880.11000000 0.977034 -0.441759
    880.11055556 0.941825 -1.11902
    880.11111111 1.06086 1.17073
    880.11166667 0.991296 -0.167423
    880.11222222 1.03103 0.596962
    880.11277778 1.08962 1.72387
    880.11333333 1.11345 2.18222
    880.11388889 1.00288 0.05548
    880.11444444 1.07625 1.46673
    880.11500000 1.0151 0.290386
    880.11555556 0.913927 -1.65565
    880.11611111 0.939588 -1.16205
    880.11666667 1.09489 1.8252
    880.11722222 0.935678 -1.23726
    880.11777778 0.970897 -0.559808
    880.11833333 0.935656 -1.23768
    880.11888889 1.00971 0.186784
    880.11944444 0.951885 -0.925506
    880.12000000 1.0162 0.311596
    880.12055556 0.996324 -0.0707058
    880.12111111 0.995054 -0.0951301
    880.12166667 1.06673 1.28359
    880.12222222 0.875766 -2.38969
    880.12277778 1.01406 0.27051
    880.12333333 0.953332 -0.897679
    880.12388889 1.00744 0.143141
    880.12444444 0.967939 -0.616704
    880.12500000 1.03323 0.639228
    880.12555556 1.01921 0.369562
    880.12611111 0.962841 -0.714762
    880.12666667 0.999849 -0.00290757
    880.12722222 1.00855 0.164486
    880.12777778 1.17228 3.31384
    880.12833333 1.05044 0.970195
    880.12888889 0.944935 -1.0592
    880.12944444 1.09777 1.88063
    880.13000000 1.02279 0.43847
    880.13055556 0.920081 -1.53727
    880.13111111 1.03956 0.761029
    880.13166667 0.975618 -0.468995
    880.13222222 0.963867 -0.695029
    880.13277778 1.07682 1.47757
    880.13333333 0.953518 -0.894103
    880.13388889 1.00508 0.0976971
    880.13444444 0.970089 -0.57535
    880.13500000 0.980685 -0.371523
    880.13555556 1.00746 0.143544
    880.13611111 0.973419 -0.511301
    880.13666667 0.978988 -0.404179
    880.13722222 1.10982 2.11236
    880.13777778 1.17515 3.36908
    880.13833333 0.972032 -0.537968
    880.13888889 1.01906 0.366709
    880.13944444 1.11343 2.18192
    880.14000000 1.07179 1.38098
    880.14055556 0.974981 -0.48125
    880.14111111 1.04706 0.905162
    880.14166667 1.03338 0.642158
    880.14222222 0.944548 -1.06663
    880.14277778 1.09292 1.78735
    880.14333333 1.0297 0.571216
    880.14388889 0.990467 -0.18338
    880.14444444 1.05304 1.02017
    880.14500000 1.00641 0.123299
    880.14555556 1.05616 1.08029
    880.14611111 0.927712 -1.39049
    880.14666667 0.959052 -0.787657
    880.14722222 0.950088 -0.960074
    880.14777778 0.970417 -0.569039
    880.14833333 1.00802 0.154337
    880.14888889 1.00171 0.0328042
    880.14944444 0.983463 -0.318088
    880.15000000 0.968168 -0.612293
    880.15055556 0.937214 -1.20772
    880.15111111 0.914656 -1.64162
    880.15166667 1.03502 0.673547
    880.15222222 1.0347 0.667413
    880.15277778 1.01738 0.334341
    880.15333333 1.01155 0.222087
    880.15388889 0.955242 -0.860943
    880.15444444 1.01005 0.193347
    880.15500000 1.00199 0.0383075
    880.15555556 1.01166 0.224268
    880.15611111 1.03061 0.588806
    880.15666667 1.04292 0.82564
    880.15722222 1.03008 0.578508
    880.15777778 0.969835 -0.580245
    880.15833333 1.03645 0.701112
    880.15888889 1.02289 0.440307
    880.15944444 1.01939 0.373027
    880.16000000 1.0356 0.684806
    880.16055556 1.10077 1.93826
    880.16111111 0.917401 -1.58882
    880.16166667 1.09625 1.85136
    880.16222222 0.997173 -0.054369
    880.16277778 1.06909 1.32897
    880.16333333 1.03632 0.698711
    880.16388889 0.947829 -1.00353
    880.16444444 0.984558 -0.297038
    880.16500000 1.08438 1.62307
    880.16555556 1.0894 1.7196
    880.16611111 1.09301 1.78913
    880.16666667 1.00166 0.0318755
    880.16722222 1.04604 0.885674
    880.16777778 0.942858 -1.09915
    880.16833333 0.955944 -0.847439
    880.16888889 0.962389 -0.723459
    880.16944444 1.01044 0.200792
    880.17000000 0.996424 -0.0687899
    880.17055556 1.02958 0.568971
    880.17111111 1.05299 1.01924
    880.17166667 1.06117 1.1767
    880.17222222 1.00688 0.132272
    880.17277778 0.998966 -0.0198841
    880.17333333 1.08598 1.65383
    880.17388889 1.05242 1.00839
    880.17444444 0.995412 -0.0882578
    880.17500000 1.07625 1.46677
    880.17555556 1.04654 0.895302
    880.17611111 0.991503 -0.163444
    880.17666667 1.04151 0.7985
    880.17722222 0.969402 -0.588567
    880.17777778 1.02982 0.573608
    880.17833333 1.16662 3.20494
    880.17888889 1.05308 1.02093
    880.17944444 1.0161 0.309613
    880.18000000 1.05295 1.01844
    880.18055556 0.932659 -1.29534
    880.18111111 1.02473 0.47567
    880.18166667 1.08943 1.72021
    880.18222222 1.0329 0.632855
    880.18277778 0.968909 -0.598039
    880.18333333 0.930589 -1.33515
    880.18388889 0.912195 -1.68896
    880.18444444 0.981114 -0.363282
    880.18500000 1.00311 0.0598483
    880.18555556 1.01756 0.337842
    880.18611111 0.990591 -0.180978
    880.18666667 1.0101 0.194351
    880.18722222 1.00083 0.0158862
    880.18777778 0.957923 -0.809368
    880.18833333 0.95484 -0.868669
    880.18888889 1.0677 1.30215
    880.18944444 1.06329 1.21747
    880.19000000 1.02148 0.413217
    880.19055556 1.06113 1.17586
    880.19111111 1.05281 1.01591
    880.19166667 1.04369 0.840446
    880.19222222 1.05299 1.01935
    880.19277778 1.12821 2.46621
    880.19333333 1.00886 0.170519
    880.19388889 1.09267 1.78252
    880.19444444 0.977985 -0.423468
    880.19500000 1.04198 0.807477
    880.19555556 1.0857 1.64842
    880.19611111 1.02096 0.403196
    880.19666667 0.998677 -0.0254412
    880.19722222 0.942021 -1.11525
    880.19777778 1.06944 1.3357
    880.19833333 0.988378 -0.223549
    880.19888889 1.00333 0.0641041
    880.19944444 0.975333 -0.47448
    880.20000000 1.13525 2.60165
    880.20055556 1.00343 0.065934
    880.20111111 1.01702 0.32748
    880.20166667 0.920332 -1.53244
    880.20222222 0.939496 -1.16382
    880.20277778 1.13136 2.52668
    880.20333333 1.03434 0.660502
    880.20388889 0.912549 -1.68215
    880.20444444 0.977178 -0.43899
    880.20500000 0.999798 -0.00387638
    880.20555556 1.04913 0.944972
    880.20611111 0.942528 -1.1055
    880.20666667 1.02477 0.476548
    880.20722222 1.05162 0.992931
    880.20777778 1.01278 0.245752
    880.20833333 1.00681 0.13107
    880.20888889 1.01621 0.311825
    880.20944444 1.03629 0.69809
    880.21000000 1.11513 2.21451
    880.21055556 1.07415 1.42624
    880.21111111 0.980962 -0.366207
    880.21166667 1.09364 1.80115
    880.21222222 1.10497 2.01907
    880.21277778 1.06269 1.2059
    880.21333333 1.09537 1.83447
    880.21388889 0.972436 -0.530204
    880.21444444 1.00548 0.105376
    880.21500000 1.03865 0.743423
    880.21555556 0.96411 -0.69036
    880.21611111 1.0596 1.14634
    880.21666667 1.08589 1.65208
    880.21722222 0.98604 -0.268523
    880.21777778 1.01659 0.319122
    880.21833333 1.11214 2.15697
    880.21888889 0.981423 -0.357336
    880.21944444 0.935632 -1.23815
    880.22000000 0.96109 -0.748456
    880.22055556 0.955366 -0.858545
    880.22111111 1.07313 1.40666
    880.22166667 1.04376 0.841794
    880.22222222 0.95846 -0.799043
    880.22277778 0.97559 -0.469545
    880.22333333 1.01099 0.211372
    880.22388889 1.02492 0.479286
    880.22444444 0.985549 -0.277973
    880.22500000 1.05245 1.00884
    880.22555556 0.892461 -2.06856
    880.22611111 1.03852 0.74088
    880.22666667 0.964387 -0.685022
    880.22722222 0.948035 -0.999575
    880.22777778 0.914434 -1.64589
    880.22833333 0.959666 -0.775843
    880.22888889 1.0318 0.61172
    880.22944444 1.00945 0.181801
    880.23000000 1.10581 2.03528
    880.23055556 1.13382 2.57417
    880.23111111 1.03338 0.642071
    880.23166667 1.04516 0.868733
    880.23222222 0.994942 -0.0972867
    880.23277778 1.06066 1.16677
    880.23333333 0.971581 -0.546646
    880.23388889 1.09799 1.88491
    880.23444444 1.04241 0.815679
    880.23500000 0.868711 -2.52539
    880.23555556 1.08399 1.61552
    880.23611111 1.00647 0.12442
    880.23666667 1.02921 0.561865
    880.23722222 1.00942 0.181205
    880.23777778 0.989818 -0.195861
    880.23833333 0.964998 -0.673271
    880.23888889 1.02124 0.408569
    880.23944444 1.1294 2.48899
    880.24000000 0.964912 -0.674937
    880.24055556 1.02067 0.397651
    880.24111111 0.897208 -1.97725
    880.24166667 1.06328 1.21715
    880.24222222 1.015 0.288485
    880.24277778 0.946588 -1.0274
    880.24333333 1.10247 1.97106
    880.24388889 0.976937 -0.443621
    880.24444444 0.970346 -0.57041
    880.24500000 1.02207 0.424432
    880.24555556 1.06275 1.20706
    880.24611111 1.0089 0.171125
    880.24666667 1.01098 0.211274
    880.24722222 1.08764 1.6857
    880.24777778 1.05667 1.09004
    880.24833333 1.14473 2.78386
    880.24888889 0.989295 -0.205914
    880.24944444 0.990287 -0.186832
    880.25000000 1.01759 0.338312
    880.25055556 1.07152 1.37578
    880.25111111 0.964526 -0.682365
    880.25166667 1.02159 0.415232
    880.25222222 0.959032 -0.788036
    880.25277778 1.03405 0.6549
    880.25333333 1.0442 0.850159
    880.25388889 0.980434 -0.376364
    880.25444444 1.10002 1.92389
    880.25500000 0.897366 -1.9742
    880.25555556 1.09748 1.87506
    880.25611111 1.05342 1.02751
    880.25666667 1.02931 0.563761
    880.25722222 0.987727 -0.236067
    880.25777778 0.96483 -0.676516
    880.25833333 1.04295 0.826227
    880.25888889 0.950036 -0.961077
    880.25944444 1.13449 2.58702
    880.26000000 1.06645 1.27824
    880.26055556 0.99506 -0.0950211
    880.26111111 0.879862 -2.31089
    880.26166667 1.10923 2.10105
    880.26222222 1.05397 1.03818
    880.26277778 1.07222 1.38925
    880.26333333 1.0996 1.91577
    880.26388889 1.05946 1.14365
    880.26444444 1.14317 2.75392
    880.26500000 1.12424 2.38989
    880.26555556 1.03622 0.696652
    880.26611111 0.966397 -0.646375
    880.26666667 0.989299 -0.205829
    880.26722222 1.05573 1.07199
    880.26777778 1.01531 0.294465
    880.26833333 0.990888 -0.175282
    880.26888889 0.955398 -0.857929
    880.26944444 0.999368 -0.0121611
    880.27000000 1.03927 0.755464
    880.27055556 1.11302 2.17389
    880.27111111 1.15712 3.02226
    880.27166667 1.03487 0.670741
    880.27222222 1.0157 0.302078
    880.27277778 1.03697 0.711071
    880.27333333 0.981196 -0.361705
    880.27388889 0.978481 -0.413921
    880.27444444 1.10492 2.01809
    880.27500000 0.913258 -1.66852
    880.27555556 1.11834 2.27622
    880.27611111 0.94962 -0.969088
    880.27666667 1.04664 0.897063
    880.27722222 1.00452 0.0868763
    880.27777778 1.09607 1.84802
    880.27833333 0.962189 -0.727318
    880.27888889 1.10904 2.09733
    880.27944444 1.12754 2.45336
    880.28000000 1.04212 0.81026
    880.28055556 0.914262 -1.64921
    880.28111111 1.02186 0.420394
    880.28166667 1.12277 2.36159
    880.28222222 1.08322 1.60073
    880.28277778 1.00436 0.0839137
    880.28333333 0.977632 -0.43025
    880.28388889 0.986023 -0.268861
    880.28444444 1.05251 1.01008
    880.28500000 1.1074 2.06596
    880.28555556 1.04568 0.878577
    880.28611111 0.973973 -0.500642
    880.28666667 1.05787 1.11323
    880.28722222 1.13669 2.62927
    880.28777778 0.956699 -0.832902
    880.28833333 1.00596 0.114617
    880.28888889 0.976301 -0.455861
    880.28944444 0.987499 -0.240457
    880.29000000 1.05127 0.986182
    880.29055556 1.05747 1.10549
    880.29111111 1.03535 0.679968
    880.29166667 1.00221 0.0424739
    880.29222222 0.99845 -0.0298221
    880.29277778 0.987797 -0.234738
    880.29333333 1.02636 0.507128
    880.29388889 1.01199 0.230668
    880.29444444 1.05952 1.14488
    880.29500000 0.971808 -0.542292
    880.29555556 1.00618 0.118873
    880.29611111 0.986859 -0.252774
    880.29666667 1.02006 0.385879
    880.29722222 1.04946 0.951477
    880.29777778 1.00495 0.0952367
    880.29833333 0.932929 -1.29014
    880.29888889 1.05744 1.10492
    880.29944444 1.05412 1.04104
    880.30000000 0.980244 -0.380016
    880.30055556 1.03725 0.716491
    880.30111111 1.00145 0.0278742
    880.30166667 0.983013 -0.326758
    880.30222222 0.926685 -1.41025
    880.30277778 1.02381 0.458029
    880.30333333 0.930712 -1.33278
    880.30388889 0.960096 -0.767568
    880.30444444 1.00495 0.0951404
    880.30500000 1.03111 0.598377
    880.30555556 1.065 1.25032
    880.30611111 0.965548 -0.662705
    880.30666667 0.928113 -1.38277
    880.30722222 1.05581 1.07346
    880.30777778 1.16723 3.21666
    880.30833333 1.00287 0.0552163
    880.30888889 0.9781 -0.42125
    880.30944444 1.07175 1.38008
    880.31000000 1.20288 3.90241
    880.31055556 1.0114 0.219253
    880.31111111 0.93244 -1.29955
    880.31166667 0.993953 -0.116323
    880.31222222 1.07906 1.52076
    880.31277778 1.00707 0.135982
    880.31333333 1.00473 0.0910794
    880.31388889 1.09127 1.75553
    880.31444444 1.01516 0.291544
    880.31500000 0.962155 -0.727962
    880.31555556 1.00106 0.0204103
    880.31611111 0.959654 -0.776066
    880.31666667 1.00584 0.112242
    880.31722222 0.878987 -2.32773
    880.31777778 0.977822 -0.426598
    880.31833333 1.01393 0.26801
    880.31888889 1.03367 0.647611
    880.31944444 1.00325 0.0624715
    880.32000000 0.944299 -1.07142
    880.32055556 1.01003 0.192973
    880.32111111 1.03733 0.71797
    880.32166667 1.04327 0.832411
    880.32222222 1.10634 2.0454
    880.32277778 1.02405 0.462625
    880.32333333 1.06833 1.31442
    880.32388889 0.975686 -0.467684
    880.32444444 1.03184 0.612387
    880.32500000 1.0737 1.41757
    880.32555556 1.05754 1.10684
    880.32611111 1.0901 1.73312
    880.32666667 0.995275 -0.0908856
    880.32722222 1.02462 0.473485
    880.32777778 1.00863 0.166009
    880.32833333 1.06718 1.29228
    880.32888889 0.955295 -0.859925
    880.32944444 1.06944 1.33562
    880.33000000 1.04021 0.773368
    880.33055556 1.08967 1.72488
    880.33111111 1.01034 0.198971
    880.33166667 0.997854 -0.041285
    880.33222222 1.0845 1.62532
    880.33277778 1.03357 0.645685
    880.33333333 1.10296 1.9805
    880.33388889 0.993062 -0.133456
    880.33444444 0.992618 -0.141992
    880.33500000 0.924495 -1.45237
    880.33555556 0.922147 -1.49754
    880.33611111 1.03717 0.714969
    880.33666667 1.06278 1.20768
    880.33722222 1.08213 1.57974
    880.33777778 1.0241 0.46348
    880.33833333 0.992905 -0.136477
    880.33888889 0.974586 -0.488844
    880.33944444 0.984605 -0.296133
    880.34000000 1.13397 2.57692
    880.34055556 1.10264 1.97441
    880.34111111 1.15189 2.92175
    880.34166667 1.04046 0.778263
    880.34222222 0.95919 -0.784996
    880.34277778 1.02347 0.451432
    880.34333333 1.08713 1.67596
    880.34388889 1.11246 2.16318
    880.34444444 0.983948 -0.308762
    880.34500000 1.00136 0.0262071
    880.34555556 1.08948 1.72109
    880.34611111 1.05581 1.07343
    880.34666667 1.05119 0.984664
    880.34722222 1.03134 0.602848
    880.34777778 1.03829 0.7365
    880.34833333 0.994445 -0.106849
    880.34888889 0.992714 -0.140157
    880.34944444 1.07881 1.51594
    880.35000000 0.994044 -0.114575
    880.35055556 1.09871 1.89864
    880.35111111 1.02221 0.427165
    880.35166667 1.00318 0.0611667
    880.35222222 1.04141 0.796612
    880.35277778 0.920944 -1.52068
    880.35333333 0.991089 -0.171402
    880.35388889 1.06235 1.19924
    880.35444444 1.02792 0.536967
    880.35500000 0.966942 -0.635877
    880.35555556 1.01841 0.354072
    880.35611111 0.975629 -0.468792
    880.35666667 1.0226 0.434634
    880.35722222 1.08917 1.71519
    880.35777778 0.988462 -0.221938
    880.35833333 0.954395 -0.877232
    880.35888889 0.917132 -1.59399
    880.35944444 1.02075 0.399158
    880.36000000 1.08219 1.58101
    880.36055556 1.02783 0.535387
    880.36111111 1.01901 0.365581
    880.36166667 0.971412 -0.549906
    880.36222222 1.08133 1.56433
    880.36277778 0.920508 -1.52906
    880.36333333 1.00966 0.185835
    880.36388889 1.04331 0.83309
    880.36444444 0.983744 -0.312691
    880.36500000 1.11048 2.12512
    880.36555556 0.992657 -0.141246
    880.36611111 1.08103 1.55861
    880.36666667 1.06983 1.34316
    880.36722222 1.08636 1.66113
    880.36777778 0.996433 -0.068618
    880.36833333 1.0255 0.490533
    880.36888889 1.0692 1.33113
    880.36944444 1.04211 0.809928
    880.37000000 0.986541 -0.258884
    880.37055556 0.95442 -0.876755
    880.37111111 1.12882 2.47795
    880.37166667 1.01686 0.324339
    880.37222222 1.02389 0.459534
    880.37277778 1.0054 0.103964
    880.37333333 1.04595 0.883814
    880.37388889 1.03212 0.617932
    880.37444444 0.953601 -0.892511
    880.37500000 0.997239 -0.053117
    880.37555556 0.947243 -1.01481
    880.37611111 0.976637 -0.449389
    880.37666667 1.05971 1.14851
    880.37722222 0.985763 -0.273861
    880.37777778 1.01781 0.342559
    880.37833333 1.03465 0.666586
    880.37888889 0.986348 -0.262599
    880.37944444 1.0427 0.821299
    880.38000000 1.03468 0.667081
    880.38055556 1.02758 0.53048
    880.38111111 0.998772 -0.0236217
    880.38166667 1.12444 2.3936
    880.38222222 0.976568 -0.45072
    880.38277778 1.08014 1.5415
    880.38333333 0.968418 -0.607496
    880.38388889 0.890958 -2.09747
    880.38444444 1.00674 0.129644
    880.38500000 0.933325 -1.28252
    880.38555556 1.05208 1.00173
    880.38611111 0.950644 -0.949389
    880.38666667 1.044 0.846305
    880.38722222 1.07459 1.4347
    880.38777778 1.00469 0.0902172
    880.38833333 0.977855 -0.425962
    880.38888889 1.01721 0.330984
    880.38944444 0.942403 -1.10791
    880.39000000 1.11327 2.17873
    880.39055556 1.00726 0.139655
    880.39111111 1.03272 0.629324
    880.39166667 1.11871 2.28346
    880.39222222 1.00403 0.0775872
    880.39277778 0.977813 -0.426779
    880.39333333 0.985612 -0.276759
    880.39388889 1.08351 1.60642
    880.39444444 0.984895 -0.290556
    880.39500000 1.00619 0.119116
    880.39555556 1.04377 0.841959
    880.39611111 1.07526 1.44771
    880.39666667 1.00325 0.0624463
    880.39722222 0.980223 -0.380415
    880.39777778 0.924362 -1.45493
    880.39833333 1.06182 1.18905
    880.39888889 1.0189 0.363517
    880.39944444 1.05979 1.15017
    880.40000000 0.954911 -0.867311
    880.40055556 1.00965 0.185647
    880.40111111 0.986492 -0.25983
    880.40166667 1.02802 0.53907
    880.40222222 1.04647 0.893876
    880.40277778 1.00195 0.0375852
    880.40333333 1.07226 1.38988
    880.40388889 1.05942 1.14288
    880.40444444 1.01437 0.276444
    880.40500000 1.0336 0.64637
    880.40555556 1.00996 0.19159
    880.40611111 1.00954 0.183482
    880.40666667 0.97176 -0.543215
    880.40722222 1.02683 0.516046
    880.40777778 1.13217 2.54228
    880.40833333 1.01753 0.337145
    880.40888889 1.05855 1.1263
    880.40944444 1.05111 0.983034
    880.41000000 1.07395 1.42238
    880.41055556 0.949966 -0.962422
    880.41111111 1.03539 0.680644
    880.41166667 0.971601 -0.546272
    880.41222222 0.992447 -0.14529
    880.41277778 0.996397 -0.0693128
    880.41333333 0.975212 -0.476798
    880.41388889 0.976154 -0.458691
    880.41444444 0.9831 -0.325075
    880.41500000 1.08461 1.62759
    880.41555556 0.94437 -1.07007
    880.41611111 1.15928 3.06386
    880.41666667 0.981286 -0.359969
    880.41722222 0.96585 -0.65688
    880.41777778 1.03713 0.714178
    880.41833333 1.01457 0.280276
    880.41888889 0.995456 -0.0874071
    880.41944444 1.03609 0.694276
    880.42000000 0.947964 -1.00093
    880.42055556 1.00271 0.0521414
    880.42111111 1.07163 1.37783
    880.42166667 1.15083 2.90133
    880.42222222 1.04761 0.915772
    880.42277778 1.04935 0.949345
    880.42333333 1.13633 2.62229
    880.42388889 1.03291 0.633075
    880.42444444 1.0624 1.20025
    880.42500000 1.1156 2.22359
    880.42555556 1.05379 1.03475
    880.42611111 1.07203 1.38551
    880.42666667 0.996351 -0.0701864
    880.42722222 0.994784 -0.100327
    880.42777778 1.05772 1.11023
    880.42833333 1.03834 0.737528
    880.42888889 1.05304 1.02025
    880.42944444 1.06473 1.24519
    880.43000000 1.04205 0.808809
    880.43055556 1.04805 0.924185
    880.43111111 0.941618 -1.12299
    880.43166667 0.877629 -2.35385
    880.43222222 1.01228 0.236185
    880.43277778 1.12673 2.4377
    880.43333333 1.0556 1.06954
    880.43388889 1.03098 0.595978
    880.43444444 0.94506 -1.05679
    880.43500000 1.0016 0.0308368
    880.43555556 1.01503 0.289175
    880.43611111 1.11228 2.15968
    880.43666667 0.944034 -1.07653
    880.43722222 0.95008 -0.960232
    880.43777778 1.04455 0.856967
    880.43833333 1.00617 0.118747
    880.43888889 1.07619 1.46561
    880.43944444 1.06455 1.24156
    880.44000000 1.02885 0.554986
    880.44055556 1.03341 0.642623
    880.44111111 1.14169 2.72538
    880.44166667 1.00187 0.0359135
    880.44222222 1.04509 0.867385
    880.44277778 1.15233 2.93004
    880.44333333 1.01015 0.195259
    880.44388889 1.10544 2.02817
    880.44444444 0.94594 -1.03986
    880.44500000 1.04559 0.876992
    880.44555556 0.981009 -0.365307
    880.44611111 1.06383 1.2278
    880.44666667 1.06761 1.30053
    880.44722222 0.871791 -2.46615
    880.44777778 0.973917 -0.501721
    880.44833333 0.945226 -1.05359
    880.44888889 0.954874 -0.868009
    880.44944444 0.975961 -0.462397
    880.45000000 1.01376 0.264632
    880.45055556 0.928459 -1.37612
    880.45111111 0.989489 -0.202177
    880.45166667 0.991368 -0.16604
    880.45222222 1.09643 1.85489
    880.45277778 0.989387 -0.204147
    880.45333333 0.936693 -1.21773
    880.45388889 0.973792 -0.504129
    880.45444444 1.01426 0.274366
    880.45500000 0.942602 -1.10408
    880.45555556 0.97531 -0.474913
    880.45611111 0.936989 -1.21205
    880.45666667 0.982636 -0.334001
    880.45722222 1.04785 0.920331
    880.45777778 0.94306 -1.09527
    880.45833333 1.01279 0.246029
    880.45888889 0.89409 -2.03721
    880.45944444 1.09519 1.8311
    880.46000000 1.0631 1.21377
    880.46055556 1.03331 0.640789
    880.46111111 0.940745 -1.1398
    880.46166667 1.126 2.42363
    880.46222222 1.05632 1.08341
    880.46277778 1.0627 1.20615
    880.46333333 0.943039 -1.09566
    880.46388889 1.00625 0.120245
    880.46444444 1.06656 1.28033
    880.46500000 0.966227 -0.649644
    880.46555556 1.03285 0.631849
    880.46611111 1.05257 1.01125
    880.46666667 1.01494 0.287464
    880.46722222 1.07307 1.40552
    880.46777778 1.06037 1.1612
    880.46833333 0.973767 -0.504604
    880.46888889 1.10904 2.0975
    880.46944444 0.992941 -0.135787
    880.47000000 0.954452 -0.876131
    880.47055556 0.942606 -1.104
    880.47111111 1.02606 0.501278
    880.47166667 1.07421 1.42754
    880.47222222 1.0384 0.738697
    880.47277778 0.964918 -0.674825
    880.47333333 0.968677 -0.602518
    880.47388889 1.02548 0.490137
    880.47444444 1.06997 1.34593
    880.47500000 0.96027 -0.764225
    880.47555556 0.973503 -0.509674
    880.47611111 1.00157 0.0302681
    880.47666667 1.10687 2.05567
    880.47722222 0.973592 -0.507961
    880.47777778 1.15483 2.97825
    880.47833333 1.01514 0.291184
    880.47888889 0.987104 -0.248063
    880.47944444 1.09136 1.75744
    880.48000000 1.0025 0.0481606
    880.48055556 1.07381 1.41968
    880.48111111 1.0053 0.102029
    880.48166667 0.98184 -0.349315
    880.48222222 0.952592 -0.911907
    880.48277778 1.11933 2.29534
    880.48333333 1.06043 1.16233
    880.48388889 1.00248 0.0476401
    880.48444444 1.24756 4.76199
    880.48500000 0.984662 -0.295024
    880.48555556 0.981698 -0.352041
    880.48611111 0.935847 -1.23401
    880.48666667 1.03184 0.612456
    880.48722222 1.00521 0.100123
    880.48777778 1.07303 1.40478
    880.48833333 1.0395 0.759876
    880.48888889 1.06677 1.28432
    880.48944444 1.01678 0.32271
    880.49000000 0.961537 -0.739854
    880.49055556 1.0586 1.12712
    880.49111111 0.934122 -1.26719
    880.49166667 0.942162 -1.11254
    880.49222222 1.09484 1.8242
    880.49277778 0.925926 -1.42484
    880.49333333 0.947683 -1.00635
    880.49388889 1.04413 0.848806
    880.49444444 1.01218 0.234259
    880.49500000 0.980115 -0.382491
    880.49555556 1.06569 1.26364
    880.49611111 1.04579 0.880693
    880.49666667 1.07722 1.48533
    880.49722222 1.00703 0.135154
    880.49777778 1.09136 1.7573
    880.49833333 1.16653 3.20336
    880.49888889 1.02733 0.525729
    880.49944444 1.09189 1.76747
    880.50000000 1.1096 2.10819
    880.50055556 1.05238 1.00751
    880.50111111 1.04617 0.888066
    880.50166667 0.925125 -1.44025
    880.50222222 1.01173 0.225669
    880.50277778 1.0688 1.32346
    880.50333333 0.964359 -0.685561
    880.50388889 0.953468 -0.89507
    880.50444444 1.01816 0.34922
    880.50500000 1.0754 1.45037
    880.50555556 0.961507 -0.740423
    880.50611111 1.07141 1.3736
    880.50666667 1.01728 0.332412
    880.50722222 1.04165 0.801187
    880.50777778 0.961105 -0.748157
    880.50833333 1.01289 0.247992
    880.50888889 1.03795 0.729958
    880.50944444 1.00708 0.136115
    880.51000000 1.02728 0.524661
    880.51055556 1.00834 0.160419
    880.51111111 0.93969 -1.16009
    880.51166667 1.04793 0.921975
    880.51222222 1.00593 0.114154
    880.51277778 1.05944 1.14326
    880.51333333 0.934713 -1.25581
    880.51388889 0.932114 -1.30582
    880.51444444 1.06114 1.17597
    880.51500000 0.957532 -0.816889
    880.51555556 1.01555 0.299088
    880.51611111 1.08527 1.64023
    880.51666667 0.975735 -0.466745
    880.51722222 1.02996 0.576215
    880.51777778 0.965822 -0.657425
    880.51833333 1.04111 0.790783
    880.51888889 1.08374 1.61073
    880.51944444 1.04146 0.797497
    880.52000000 1.00646 0.124276
    880.52055556 1.04516 0.868664
    880.52111111 1.00615 0.118318
    880.52166667 1.04626 0.889801
    880.52222222 1.04772 0.917829
    880.52277778 1.00999 0.192097
    880.52333333 1.12806 2.46328
    880.52388889 0.97193 -0.539937
    880.52444444 0.982023 -0.345804
    880.52500000 0.989184 -0.20804
    880.52555556 1.04908 0.944077
    880.52611111 1.06284 1.20868
    880.52666667 1.10094 1.94159
    880.52722222 1.12011 2.31042
    880.52777778 0.954452 -0.876131
    880.52833333 1.04172 0.802492
    880.52888889 1.0537 1.0329
    880.52944444 1.01992 0.38316
    880.53000000 1.03842 0.738963
    880.53055556 1.02585 0.497222
    880.53111111 1.05348 1.02868
    880.53166667 0.985912 -0.270986
    880.53222222 1.01211 0.232915
    880.53277778 1.02909 0.559464
    880.53333333 0.97652 -0.451648
    880.53388889 1.0236 0.453918
    880.53444444 1.06205 1.19361
    880.53500000 1.11838 2.27711
    880.53555556 0.970161 -0.573963
    880.53611111 0.970752 -0.562595
    880.53666667 1.02806 0.539671
    880.53722222 0.986319 -0.263163
    880.53777778 0.936012 -1.23083
    880.53833333 0.980593 -0.373306
    880.53888889 1.10386 1.99785
    880.53944444 0.923454 -1.4724
    880.54000000 1.00107 0.0206259
    880.54055556 1.06845 1.31661
    880.54111111 1.06161 1.18517
    880.54166667 1.04229 0.813494
    880.54222222 1.11524 2.21675
    880.54277778 1.03663 0.704515
    880.54333333 1.03518 0.67665
    880.54388889 0.917103 -1.59456
    880.54444444 0.991306 -0.167233
    880.54500000 1.1283 2.46783
    880.54555556 1.02966 0.570478
    880.54611111 0.968477 -0.606357
    880.54666667 1.02623 0.504592
    880.54722222 1.05956 1.14558
    880.54777778 1.0201 0.386709
    880.54833333 0.983912 -0.309462
    880.54888889 0.997267 -0.0525782
    880.54944444 0.929545 -1.35522
    880.55000000 1.01287 0.247591
    880.55055556 1.0051 0.0980457
    880.55111111 1.02942 0.565878
    880.55166667 1.05916 1.13799
    880.55222222 0.983187 -0.323404
    880.55277778 0.990256 -0.187437
    880.55333333 0.96049 -0.759989
    880.55388889 0.988363 -0.223844
    880.55444444 1.01748 0.336324
    880.55500000 1.15015 2.88825
    880.55555556 1.06404 1.23182
    880.55611111 1.10001 1.92375
    880.55666667 1.06492 1.24884
    880.55722222 1.10287 1.9787
    880.55777778 0.92196 -1.50113
    880.55833333 1.15791 3.0375
    880.55888889 0.978209 -0.419167
    880.55944444 1.10857 2.08831
    880.56000000 1.00703 0.135168
    880.56055556 0.923159 -1.47806
    880.56111111 1.09858 1.89617
    880.56166667 1.02886 0.555094
    880.56222222 1.0446 0.857852
    880.56277778 0.986581 -0.258113
    880.56333333 0.970427 -0.568839
    880.56388889 1.11063 2.12802
    880.56444444 0.982413 -0.338292
    880.56500000 0.964587 -0.681183
    880.56555556 0.927747 -1.38982
    880.56611111 1.01642 0.315868
    880.56666667 0.945642 -1.0456
    880.56722222 1.01147 0.220579
    880.56777778 1.01602 0.308175
    880.56833333 0.891661 -2.08395
    880.56888889 0.997867 -0.0410304
    880.56944444 1.08807 1.69403
    880.57000000 1.04995 0.96083
    880.57055556 1.02618 0.503592
    880.57111111 1.02394 0.460458
    880.57166667 0.969753 -0.581817
    880.57222222 0.973035 -0.518683
    880.57277778 1.07934 1.52615
    880.57333333 1.11165 2.14756
    880.57388889 0.998421 -0.0303678
    880.57444444 1.02908 0.559453
    880.57500000 1.14591 2.80657
    880.57555556 1.0584 1.12333
    880.57611111 0.993637 -0.122401
    880.57666667 1.0662 1.27335
    880.57722222 1.01371 0.263734
    880.57777778 1.02997 0.576492
    880.57833333 1.0451 0.867449
    880.57888889 0.966156 -0.651003
    880.57944444 0.928155 -1.38197
    880.58000000 1.10819 2.08112
    880.58055556 1.00219 0.0420589
    880.58111111 1.05412 1.041
    880.58166667 1.02726 0.524367
    880.58222222 1.08074 1.55312
    880.58277778 0.943658 -1.08376
    880.58333333 0.966856 -0.637535
    880.58388889 1.00029 0.00559501
    880.58444444 1.01013 0.194793
    880.58500000 1.01976 0.380048
    880.58555556 1.0469 0.902083
    880.58611111 1.00988 0.190022
    880.58666667 1.02928 0.563303
    880.58722222 1.05436 1.0457
    880.58777778 1.03771 0.725372
    880.58833333 0.957143 -0.824374
    880.58888889 1.04253 0.818043
    880.58944444 0.956707 -0.832751
    880.59000000 0.964709 -0.678827
    880.59055556 1.0596 1.14642
    880.59111111 1.02877 0.553395
    880.59166667 0.96784 -0.618602
    880.59222222 0.942741 -1.10139
    880.59277778 1.0013 0.0250216
    880.59333333 0.880498 -2.29866
    880.59388889 1.01942 0.373556
    880.59444444 1.00908 0.174608
    880.59500000 1.00213 0.0409582
    880.59555556 1.02368 0.455441
    880.59611111 1.05201 1.00041
    880.59666667 0.968257 -0.61059
    880.59722222 0.992316 -0.147809
    880.59777778 1.01466 0.281952
    880.59833333 1.1022 1.9659
    880.59888889 1.02703 0.519951
    880.59944444 0.995161 -0.0930847
    880.60000000 1.11029 2.12146
    880.60055556 1.04944 0.950941
    880.60111111 0.91239 -1.68522
    880.60166667 0.935091 -1.24855
    880.60222222 0.985261 -0.283508
    880.60277778 1.04075 0.783923
    880.60333333 1.03848 0.740194
    880.60388889 1.11328 2.17889
    880.60444444 0.974741 -0.485865
    880.60500000 0.939358 -1.16647
    880.60555556 1.05388 1.03637
    880.60611111 1.08598 1.65395
    880.60666667 0.989609 -0.19987
    880.60722222 1.00982 0.188985
    880.60777778 1.03923 0.754613
    880.60833333 0.927201 -1.40031
    880.60888889 0.966506 -0.644263
    880.60944444 1.00731 0.140542
    880.61000000 0.982931 -0.328332
    880.61055556 0.982552 -0.33561
    880.61111111 1.03382 0.650534
    880.61166667 1.05482 1.05444
    880.61222222 1.0341 0.656019
    880.61277778 1.05107 0.982314
    880.61333333 1.0485 0.932897
    880.61388889 1.12885 2.47851
    880.61444444 1.0629 1.20996
    880.61500000 1.03981 0.765833
    880.61555556 1.03417 0.657242
    880.61611111 0.994919 -0.0977338
    880.61666667 0.87966 -2.31478
    880.61722222 0.925527 -1.43252
    880.61777778 1.09629 1.8521
    880.61833333 0.959186 -0.78507
    880.61888889 0.999522 -0.00920081
    880.61944444 1.02974 0.572039
    880.62000000 0.961272 -0.744947
    880.62055556 1.06134 1.1799
    880.62111111 1.01096 0.210751
    880.62166667 1.05181 0.996542
    880.62222222 0.923711 -1.46745
    880.62277778 0.9147 -1.64079
    880.62333333 1.08635 1.66093
    880.62388889 0.963903 -0.694334
    880.62444444 0.941399 -1.12721
    880.62500000 0.965598 -0.661729
    880.62555556 0.970817 -0.561339
    880.62611111 1.07816 1.5035
    880.62666667 0.918415 -1.56932
    880.62722222 0.974897 -0.482858
    880.62777778 1.04543 0.87383
    880.62833333 1.03987 0.766846
    880.62888889 1.10786 2.07477
    880.62944444 1.0194 0.373166
    880.63000000 1.05924 1.13946
    880.63055556 1.02765 0.531877
    880.63111111 1.03921 0.754173
    880.63166667 1.09235 1.77639
    880.63222222 1.00639 0.122927
    880.63277778 0.962929 -0.71308
    880.63333333 1.01957 0.376411
    880.63388889 1.03481 0.669574
    880.63444444 1.16671 3.20671
    880.63500000 0.969205 -0.592353
    880.63555556 0.995285 -0.0906953
    880.63611111 1.09426 1.81315
    880.63666667 1.04486 0.862902
    880.63722222 0.999826 -0.00334095
    880.63777778 0.936665 -1.21827
    880.63833333 1.00706 0.1358
    880.63888889 0.971001 -0.557804
    880.63944444 1.1163 2.23713
    880.64000000 1.00466 0.0896164
    880.64055556 0.915496 -1.62546
    880.64111111 1.00442 0.0850602
    880.64166667 1.00873 0.167873
    880.64222222 0.984098 -0.305881
    880.64277778 0.9805 -0.375093
    880.64333333 1.04772 0.917875
    880.64388889 1.01961 0.377161
    880.64444444 0.95025 -0.956966
    880.64500000 1.05019 0.965405
    880.64555556 1.08138 1.56537
    880.64611111 1.02817 0.541861
    880.64666667 1.02022 0.388871
    880.64722222 0.914332 -1.64785
    880.64777778 0.903579 -1.85469
    880.64833333 1.00959 0.184521
    880.64888889 0.945479 -1.04873
    880.64944444 0.992009 -0.153715
    880.65000000 1.055 1.05801
    880.65055556 1.11076 2.13059
    880.65111111 1.08 1.53882
    880.65166667 1.01912 0.367849
    880.65222222 1.03838 0.738165
    880.65277778 1.01494 0.287313
    880.65333333 1.00346 0.0664889
    880.65388889 1.07858 1.51151
    880.65444444 1.09488 1.82501
    880.65500000 0.98975 -0.19716
    880.65555556 0.952416 -0.915288
    880.65611111 0.946994 -1.01959
    880.65666667 0.993049 -0.133705
    880.65722222 1.02735 0.526048
    880.65777778 1.01947 0.374515
    880.65833333 0.998083 -0.0368663
    880.65888889 1.0126 0.242406
    880.65944444 0.939988 -1.15435
    880.66000000 1.02526 0.485853
    880.66055556 1.07409 1.42517
    880.66111111 1.0406 0.780871
    880.66166667 0.999258 -0.0142787
    880.66222222 1.00588 0.113193
    880.66277778 1.04999 0.961583
    880.66333333 1.12331 2.37196
    880.66388889 1.0707 1.36
    880.66444444 0.97657 -0.450688
    880.66500000 1.08091 1.55638
    880.66555556 1.16761 3.2241
    880.66611111 0.969881 -0.579357
    880.66666667 1.0168 0.323181
    880.66722222 1.05474 1.05294
    880.66777778 0.995701 -0.0826961
    880.66833333 1.05393 1.03743
    880.66888889 0.998927 -0.0206454
    880.66944444 1.0688 1.3234
    880.67000000 1.09185 1.76679
    880.67055556 0.941277 -1.12955
    880.67111111 0.954913 -0.867264
    880.67166667 0.950498 -0.952196
    880.67222222 1.05149 0.990502
    880.67277778 1.07221 1.38906
    880.67333333 0.968246 -0.610793
    880.67388889 0.934424 -1.26137
    880.67444444 1.02853 0.548774
    880.67500000 1.02254 0.433487
    880.67555556 1.02482 0.477351
    880.67611111 1.06639 1.27712
    880.67666667 1.03607 0.693758
    880.67722222 1.11503 2.21268
    880.67777778 0.903701 -1.85234
    880.67833333 0.918897 -1.56005
    880.67888889 1.07085 1.36282
    880.67944444 1.00339 0.0651635
    880.68000000 1.00534 0.102673
    880.68055556 1.10903 2.09723
    880.68111111 1.0386 0.742421
    880.68166667 1.03449 0.663435
    880.68222222 1.05938 1.14223
    880.68277778 0.986299 -0.263546
    880.68333333 0.974731 -0.486055
    880.68388889 1.11511 2.21421
    880.68444444 0.991586 -0.161853
    880.68500000 1.0303 0.582814
    880.68555556 0.962431 -0.722653
    880.68611111 0.955974 -0.846859
    880.68666667 1.06991 1.34468
    880.68722222 1.08989 1.7291
    880.68777778 0.947352 -1.01271
    880.68833333 1.01358 0.261147
    880.68888889 1.05927 1.14006
    880.68944444 1.10289 1.97917
    880.69000000 0.981865 -0.348836
    880.69055556 1.10667 2.0519
    880.69111111 1.03062 0.589065
    880.69166667 1.07868 1.51352
    880.69222222 0.948423 -0.992097
    880.69277778 0.976939 -0.44358
    880.69333333 1.087 1.67352
    880.69388889 1.12662 2.43566
    880.69444444 1.0376 0.723343
    880.69500000 0.999243 -0.0145631
    880.69555556 0.993136 -0.132025
    880.69611111 1.00639 0.122909
    880.69666667 1.09485 1.82445
    880.69722222 1.02848 0.547912
    880.69777778 0.968732 -0.60145
    880.69833333 1.05013 0.964215
    880.69888889 1.05237 1.00741
    880.69944444 1.08412 1.61816
    880.70000000 0.941504 -1.1252
    880.70055556 0.966744 -0.639696
    880.70111111 1.04771 0.917728
    880.70166667 0.94308 -1.09488
    880.70222222 1.04823 0.927765
    880.70277778 1.08238 1.58459
    880.70333333 1.03602 0.692951
    880.70388889 1.01821 0.350243
    880.70444444 1.08688 1.67125
    880.70500000 1.07561 1.45441
    880.70555556 0.969632 -0.584149
    880.70611111 0.904269 -1.84141
    880.70666667 0.939188 -1.16974
    880.70722222 0.968764 -0.600828
    880.70777778 0.994495 -0.105887
    880.70833333 1.02568 0.494039
    880.70888889 1.02067 0.397663
    880.70944444 1.00468 0.0901095
    880.71000000 1.03496 0.672509
    880.71055556 1.11388 2.1905
    880.71111111 1.04869 0.936646
    880.71166667 1.04158 0.799722
    880.71222222 0.988633 -0.218647
    880.71277778 0.937863 -1.19522
    880.71333333 0.933814 -1.27311
    880.71388889 1.07134 1.37228
    880.71444444 1.07276 1.39949
    880.71500000 1.14825 2.85157
    880.71555556 0.983945 -0.308822
    880.71611111 1.06863 1.32005
    880.71666667 1.04997 0.961225
    880.71722222 1.06459 1.24243
    880.71777778 1.02591 0.498341
    880.71833333 1.05918 1.1384
    880.71888889 1.02708 0.520861
    880.71944444 1.02594 0.498884
    880.72000000 1.09424 1.81282
    880.72055556 1.0149 0.286522
    880.72111111 1.00573 0.110132
    880.72166667 1.01647 0.316863
    880.72222222 0.951221 -0.938274
    880.72277778 0.876103 -2.38321
    880.72333333 1.03208 0.61698
    880.72388889 0.924607 -1.45022
    880.72444444 1.03409 0.655726
    880.72500000 0.930058 -1.34537
    880.72555556 0.982112 -0.344074
    880.72611111 1.05719 1.10003
    880.72666667 1.00506 0.0972981
    880.72722222 1.00197 0.0379177
    880.72777778 1.04402 0.846672
    880.72833333 1.09377 1.80363
    880.72888889 1.05407 1.04
    880.72944444 1.03185 0.61267
    880.73000000 1.00174 0.0335655
    880.73055556 1.05552 1.06791
    880.73111111 0.95213 -0.920799
    880.73166667 1.01441 0.277113
    880.73222222 1.04844 0.931773
    880.73277778 1.02127 0.40914
    880.73333333 1.00816 0.156947
    880.73388889 1.03482 0.669819
    880.73444444 1.07051 1.35637
    880.73500000 1.07068 1.35957
    880.73555556 1.11737 2.25768
    880.73611111 0.925374 -1.43547
    880.73666667 1.0221 0.425124
    880.73722222 1.13393 2.57611
    880.73777778 0.999824 -0.00339369
    880.73833333 1.038 0.730912
    880.73888889 1.12319 2.36955
    880.73944444 1.06518 1.2537
    880.74000000 0.987678 -0.237028
    880.74055556 0.996773 -0.0620702
    880.74111111 1.06884 1.32419
    880.74166667 1.0162 0.311692
    880.74222222 1.00437 0.0840535
    880.74277778 1.0699 1.34454
    880.74333333 1.02979 0.573071
    880.74388889 1.05115 0.983942
    880.74444444 1.07673 1.47596
    880.74500000 0.950203 -0.957871
    880.74555556 1.01529 0.29402
    880.74611111 1.01873 0.360231
    880.74666667 1.03613 0.694996
    880.74722222 0.967336 -0.628314
    880.74777778 1.02318 0.445892
    880.74833333 1.04851 0.933092
    880.74888889 0.928946 -1.36675
    880.74944444 1.07927 1.5248
    880.75000000 1.02973 0.571938
    880.75055556 1.02691 0.517642
    880.75111111 1.02313 0.444838
    880.75166667 0.970894 -0.559864
    880.75222222 1.07396 1.42261
    880.75277778 1.01563 0.300596
    880.75333333 1.07358 1.41538
    880.75388889 1.06685 1.28583
    880.75444444 1.05353 1.02965
    880.75500000 1.06235 1.19928
    880.75555556 1.03781 0.727342
    880.75611111 1.09365 1.80142
    880.75666667 1.02647 0.509082
    880.75722222 1.00391 0.0751451
    880.75777778 1.0126 0.24236
    880.75833333 1.06734 1.2953
    880.75888889 1.03793 0.729594
    880.75944444 0.96479 -0.677286
    880.76000000 1.09277 1.78441
    880.76055556 1.03946 0.759082
    880.76111111 0.982068 -0.344928
    880.76166667 0.94234 -1.10912
    880.76222222 0.947888 -1.00239
    880.76277778 1.07257 1.39594
    880.76333333 1.06293 1.21056
    880.76388889 0.919526 -1.54795
    880.76444444 1.0409 0.786672
    880.76500000 1.0742 1.42725
    880.76555556 0.976922 -0.44391
    880.76611111 1.01386 0.266595
    880.76666667 1.02087 0.401364
    880.76722222 1.04954 0.952917
    880.76777778 1.05498 1.05758
    880.76833333 1.01645 0.316457
    880.76888889 0.950864 -0.945147
    880.76944444 0.962038 -0.730222
    880.77000000 1.04528 0.870987
    880.77055556 1.07622 1.46604
    880.77111111 1.02724 0.523922
    880.77166667 1.05722 1.10069
    880.77222222 0.970211 -0.573
    880.77277778 1.02775 0.533872
    880.77333333 0.962659 -0.71826
    880.77388889 1.05267 1.01307
    880.77444444 1.02898 0.557449
    880.77500000 1.06278 1.20756
    880.77555556 1.04385 0.843434
    880.77611111 1.06556 1.26105
    880.77666667 0.982045 -0.345374
    880.77722222 1.03716 0.714795
    880.77777778 0.97563 -0.468775
    880.77833333 0.920502 -1.52918
    880.77888889 1.00144 0.0276609
    880.77944444 1.01137 0.218641
    880.78000000 1.10533 2.02601
    880.78055556 0.969342 -0.589709
    880.78111111 0.997612 -0.0459284
    880.78166667 1.05347 1.02861
    880.78222222 1.08108 1.55958
    880.78277778 1.17644 3.39387
    880.78333333 1.04707 0.905357
    880.78388889 1.02817 0.541824
    880.78444444 1.01203 0.231411
    880.78500000 0.933224 -1.28445
    880.78555556 1.04357 0.838002
    880.78611111 1.02132 0.410082
    880.78666667 1.03754 0.722123
    880.78722222 1.02025 0.389601
    880.78777778 0.969937 -0.578269
    880.78833333 1.14755 2.8381
    880.78888889 0.93098 -1.32762
    880.78944444 0.947162 -1.01635
    880.79000000 0.955038 -0.864867
    880.79055556 1.0315 0.605878
    880.79111111 0.999484 -0.00992999
    880.79166667 1.00033 0.00630814
    880.79222222 0.932246 -1.30327
    880.79277778 1.01872 0.360094
    880.79333333 1.00322 0.0619693
    880.79388889 1.01476 0.283839
    880.79444444 0.954307 -0.87893
    880.79500000 1.00091 0.017567
    880.79555556 0.968317 -0.609441
    880.79611111 1.07252 1.39503
    880.79666667 1.06648 1.27873
    880.79722222 0.98011 -0.382583
    880.79777778 1.01067 0.205174
    880.79833333 1.04987 0.959292
    880.79888889 0.982614 -0.334429
    880.79944444 0.985036 -0.28784
    880.80000000 1.00193 0.0370899
    880.80055556 1.10086 1.94015
    880.80111111 1.02266 0.435957
    880.80166667 1.0055 0.105858
    880.80222222 0.934233 -1.26505
    880.80277778 0.923597 -1.46964
    880.80333333 1.08102 1.5584
    880.80388889 1.00053 0.0101765
    880.80444444 0.951169 -0.939285
    880.80500000 0.941142 -1.13215
    880.80555556 1.01234 0.237389
    880.80611111 0.989738 -0.197399
    880.80666667 1.00856 0.164697
    880.80722222 1.01172 0.225463
    880.80777778 1.01496 0.287778
    880.80833333 1.10503 2.02037
    880.80888889 1.03161 0.608035
    880.80944444 1.07038 1.35384
    880.81000000 1.03333 0.641186
    880.81055556 0.973561 -0.50856
    880.81111111 0.963984 -0.692777
    880.81166667 1.0211 0.405799
    880.81222222 1.00984 0.189343
    880.81277778 0.949901 -0.963673
    880.81333333 1.00334 0.0643266
    880.81388889 1.01639 0.315263
    880.81444444 1.0994 1.912
    880.81500000 1.10931 2.1026
    880.81555556 0.979105 -0.40193
    880.81611111 0.940524 -1.14405
    880.81666667 0.983281 -0.321597
    880.81722222 1.05427 1.04384
    880.81777778 0.957092 -0.825354
    880.81833333 1.06314 1.21455
    880.81888889 0.964194 -0.688749
    880.81944444 1.03168 0.609368
    880.82000000 1.10645 2.04752
    880.82055556 1.02824 0.543113
    880.82111111 1.01072 0.20611
    880.82166667 0.99721 -0.0536697
    880.82222222 1.03558 0.684389
    880.82277778 1.05298 1.01906
    880.82333333 0.978565 -0.412314
    880.82388889 1.02461 0.473287
    880.82444444 1.0305 0.586611
    880.82500000 1.01342 0.258104
    880.82555556 1.13861 2.66628
    880.82611111 0.942484 -1.10634
    880.82666667 1.07102 1.36606
    880.82722222 1.06973 1.34137
    880.82777778 0.991197 -0.169333
    880.82833333 1.01461 0.280963
    880.82888889 0.959302 -0.782832
    880.82944444 1.11959 2.3003
    880.83000000 0.905437 -1.81895
    880.83055556 0.981518 -0.355512
    880.83111111 0.931053 -1.32623
    880.83166667 1.05904 1.13569
    880.83222222 0.981042 -0.364658
    880.83277778 1.0623 1.19832
    880.83333333 0.997831 -0.0417195
    880.83388889 1.00421 0.0809648
    880.83444444 1.14604 2.8091
    880.83500000 1.11326 2.17859
    880.83555556 1.15135 2.91131
    880.83611111 1.02096 0.40326
    880.83666667 1.03535 0.680021
    880.83722222 1.08838 1.69994
    880.83777778 1.05572 1.07178
    880.83833333 0.975464 -0.471953
    880.83888889 1.0349 0.67138
    880.83944444 0.992286 -0.148379
    880.84000000 1.01756 0.337842
    880.84055556 1.02839 0.546105
    880.84111111 1.04751 0.913906
    880.84166667 1.0392 0.753985
    880.84222222 0.953931 -0.886161
    880.84277778 1.06072 1.16804
    880.84333333 0.948542 -0.989808
    880.84388889 1.00552 0.106255
    880.84444444 0.978725 -0.409226
    880.84500000 1.02213 0.425773
    880.84555556 1.06991 1.34468
    880.84611111 0.95096 -0.943304
    880.84666667 1.06222 1.19691
    880.84722222 1.01626 0.312789
    880.84777778 1.08524 1.63955
    880.84833333 1.09485 1.82447
    880.84888889 0.990809 -0.1768
    880.84944444 1.03068 0.590207
    880.85000000 1.05296 1.01873
    880.85055556 0.945337 -1.05146
    880.85111111 0.962102 -0.728985
    880.85166667 1.07021 1.35057
    880.85222222 1.0238 0.457874
    880.85277778 1.00051 0.00988299
    880.85333333 0.948744 -0.985923
    880.85388889 1.0332 0.638558
    880.85444444 1.01529 0.294034
    880.85500000 1.08098 1.55772
    880.85555556 0.977378 -0.435145
    880.85611111 1.07648 1.47114
    880.85666667 1.07766 1.49374
    880.85722222 1.06679 1.28475
    880.85777778 0.976424 -0.453495
    880.85833333 1.04024 0.773985
    880.85888889 1.09336 1.7958
    880.85944444 0.986371 -0.262165
    880.86000000 0.986224 -0.264994
    880.86055556 1.05612 1.07954
    880.86111111 0.96246 -0.722101
    880.86166667 1.00548 0.105475
    880.86222222 1.03683 0.708358
    880.86277778 1.05524 1.06263
    880.86333333 0.998013 -0.038218
    880.86388889 1.04213 0.810467
    880.86444444 0.970735 -0.562915
    880.86500000 0.949243 -0.976321
    880.86555556 1.03492 0.671784
    880.86611111 0.989618 -0.19971
    880.86666667 0.919065 -1.55682
    880.86722222 1.06729 1.29432
    880.86777778 1.0283 0.544392
    880.86833333 0.966443 -0.645484
    880.86888889 0.999584 -0.00799926
    880.86944444 0.931837 -1.31113
    880.87000000 1.12358 2.37715
    880.87055556 0.964286 -0.686967
    880.87111111 1.02226 0.428133
    880.87166667 0.973876 -0.502501
    880.87222222 0.998284 -0.0330174
    880.87277778 1.08181 1.57364
    880.87333333 1.02032 0.390942
    880.87388889 0.984138 -0.305108
    880.87444444 0.943063 -1.0952
    880.87500000 1.05011 0.963807
    880.87555556 1.02745 0.528013
    880.87611111 0.999165 -0.0160616
    880.87666667 1.03433 0.660394
    880.87722222 1.07221 1.38906
    880.87777778 1.04922 0.946811
    880.87833333 0.959689 -0.775404
    880.87888889 0.971932 -0.53989
    880.87944444 1.0797 1.53305
    880.88000000 1.11769 2.2638
    880.88055556 1.00877 0.16868
    880.88111111 1.0344 0.661729
    880.88166667 1.00332 0.0638588
    880.88222222 0.954518 -0.874859
    880.88277778 1.06611 1.27161
    880.88333333 1.00189 0.0363676
    880.88388889 0.950788 -0.946603
    880.88444444 1.16388 3.15226
    880.88500000 1.10845 2.08613
    880.88555556 0.995688 -0.0829506
    880.88611111 0.942672 -1.10273
    880.88666667 1.05847 1.12464
    880.88722222 1.04103 0.789222
    880.88777778 1.03502 0.673715
    880.88833333 0.935631 -1.23816
    880.88888889 1.00762 0.14661
    880.88944444 1.01092 0.210109
    880.89000000 0.997182 -0.0542131
    880.89055556 1.01713 0.329514
    880.89111111 0.963084 -0.710096
    880.89166667 1.02327 0.447571
    880.89222222 1.00209 0.040268
    880.89277778 1.00439 0.0845282
    880.89333333 0.975002 -0.480855
    880.89388889 1.02591 0.498336
    880.89444444 1.04602 0.885126
    880.89500000 1.05571 1.07162
    880.89555556 0.978852 -0.40679
    880.89611111 0.981386 -0.358055
    880.89666667 0.98733 -0.243704
    880.89722222 0.967214 -0.630648
    880.89777778 1.02282 0.43897
    880.89833333 0.954939 -0.866769
    880.89888889 0.954701 -0.871339
    880.89944444 1.04475 0.860838
    880.90000000 1.08047 1.54786
    880.90055556 1.08859 1.70398
    880.90111111 0.97829 -0.417592
    880.90166667 1.02937 0.564988
    880.90222222 1.00906 0.174241
