    879.90166667 0.999659 -0.00750852
    879.90222222 1.05268 1.15905
    879.90277778 1.04707 1.03556
    879.90333333 1.10068 2.21506
    879.90388889 1.03368 0.74104
    879.90444444 0.971292 -0.631569
    879.90500000 0.972298 -0.609446
    879.90555556 1.03694 0.812582
    879.90611111 1.03102 0.682486
    879.90666667 1.05212 1.14663
    879.90722222 1.10656 2.34423
    879.90777778 1.04166 0.916571
    879.90833333 1.00672 0.147758
    879.90888889 0.982313 -0.389121
    879.90944444 0.993027 -0.153411
    879.91000000 1.05141 1.13108
    879.91055556 0.979015 -0.46166
    879.91111111 1.05787 1.27322
    879.91166667 0.998767 -0.0271256
    879.91222222 1.08505 1.87105
    879.91277778 1.01644 0.361584
    879.91333333 1.08991 1.97797
    879.91388889 0.978811 -0.466161
    879.91444444 1.15755 3.46603
    879.91500000 1.08018 1.76403
    879.91555556 1.03948 0.868596
    879.91611111 1.00795 0.17487
    879.91666667 1.09525 2.09558
    879.91722222 0.964849 -0.773316
    879.91777778 0.96188 -0.838645
    879.91833333 1.08231 1.81083
    879.91888889 1.06948 1.52855
    879.91944444 0.975275 -0.543952
    879.92000000 0.995093 -0.107948
    879.92055556 1.03447 0.758292
    879.92111111 0.985468 -0.319695
    879.92166667 1.01561 0.343336
    879.92222222 1.02388 0.525302
    879.92277778 0.969095 -0.679918
    879.92333333 1.01051 0.231266
    879.92388889 0.963122 -0.811307
    879.92444444 0.935411 -1.42095
    879.92500000 1.04847 1.0664
    879.92555556 1.00015 0.00327563
    879.92611111 1.01641 0.361036
    879.92666667 1.0091 0.200092
    879.92722222 0.994329 -0.124761
    879.92777778 1.07855 1.7282
    879.92833333 1.08784 1.9325
    879.92888889 1.03675 0.80858
    879.92944444 1.03042 0.669173
    879.93000000 1.05349 1.17682
    879.93055556 0.95479 -0.994625
    879.93111111 1.02512 0.552711
    879.93166667 1.09327 2.05205
    879.93222222 1.01945 0.427909
    879.93277778 1.04595 1.01092
    879.93333333 0.993054 -0.152802
    879.93388889 1.0392 0.862391
    879.93444444 1.00098 0.0215027
    879.93500000 0.983315 -0.367061
    879.93555556 1.08122 1.78692
    879.93611111 1.07609 1.67405
    879.93666667 1.04875 1.07253
    879.93722222 0.990204 -0.21551
    879.93777778 1.01779 0.391458
    879.93833333 1.12541 2.75905
    879.93888889 1.00871 0.191547
    879.93944444 0.95202 -1.05557
    879.94000000 1.06546 1.44007
    879.94055556 0.905218 -2.0852
    879.94111111 0.948881 -1.12463
    879.94166667 0.933792 -1.45658
    879.94222222 1.06399 1.40782
    879.94277778 1.11754 2.58598
    879.94333333 1.02508 0.551822
    879.94388889 1.09702 2.13455
    879.94444444 0.960449 -0.870126
    879.94500000 1.10524 2.31537
    879.94555556 1.05611 1.23438
    879.94611111 1.10494 2.30878
    879.94666667 1.01725 0.379504
    879.94722222 1.02698 0.593464
    879.94777778 1.02378 0.523236
    879.94833333 0.988945 -0.24322
    879.94888889 1.02794 0.614778
    879.94944444 1.06195 1.3629
    879.95000000 1.05229 1.15048
    879.95055556 1.07147 1.57232
    879.95111111 1.04593 1.01048
    879.95166667 1.10181 2.23987
    879.95222222 1.00044 0.00977445
    879.95277778 0.98137 -0.409865
    879.95333333 1.06533 1.43721
    879.95388889 1.00717 0.157755
    879.95444444 1.06291 1.38405
    879.95500000 1.04582 1.00798
    879.95555556 1.08961 1.97139
    879.95611111 1.03854 0.847841
    879.95666667 1.0261 0.574293
    879.95722222 1.06831 1.50284
    879.95777778 1.04625 1.0175
    879.95833333 1.03836 0.843941
    879.95888889 1.06083 1.33815
    879.95944444 1.05796 1.2752
    879.96000000 1.03846 0.846063
    879.96055556 1.00396 0.087018
    879.96111111 1.0284 0.624699
    879.96166667 1.04129 0.908457
    879.96222222 0.912075 -1.93434
    879.96277778 1.04753 1.04576
    879.96333333 0.997968 -0.0446931
    879.96388889 0.991285 -0.191723
    879.96444444 0.996267 -0.0821216
    879.96500000 0.953259 -1.02831
    879.96555556 0.993907 -0.134036
    879.96611111 1.03824 0.841274
    879.96666667 1.10609 2.33405
    879.96722222 0.997166 -0.0623406
    879.96777778 1.15002 3.30036
    879.96833333 1.04658 1.02473
    879.96888889 1.02307 0.507566
    879.96944444 0.98205 -0.394899
    879.97000000 1.01658 0.364671
    879.97055556 0.97345 -0.584092
    879.97111111 1.0364 0.800854
    879.97166667 1.07306 1.60732
    879.97222222 0.994969 -0.110687
    879.97277778 1.06181 1.35975
    879.97333333 1.03096 0.681195
    879.97388889 1.05877 1.2929
    879.97444444 1.09721 2.1386
    879.97500000 1.10762 2.36756
    879.97555556 1.06751 1.48511
    879.97611111 1.08397 1.84725
    879.97666667 1.05471 1.20369
    879.97722222 1.05414 1.19102
    879.97777778 0.980816 -0.422044
    879.97833333 1.03421 0.752727
    879.97888889 1.11984 2.6365
    879.97944444 0.963351 -0.806287
    879.98000000 0.965461 -0.759847
    879.98055556 1.03057 0.672512
    879.98111111 1.05721 1.25866
    879.98166667 1.0701 1.54215
    879.98222222 0.944449 -1.22213
    879.98277778 1.08516 1.87355
    879.98333333 1.03398 0.747602
    879.98388889 1.06395 1.40684
    879.98444444 0.946741 -1.1717
    879.98500000 1.03511 0.772362
    879.98555556 1.0057 0.125342
    879.98611111 1.00519 0.114272
    879.98666667 0.988433 -0.254475
    879.98722222 1.00097 0.0212877
    879.98777778 1.08102 1.78238
    879.98833333 1.09682 2.13009
    879.98888889 1.04289 0.9435
    879.98944444 0.994778 -0.114879
    879.99000000 1.07402 1.62836
    879.99055556 1.08533 1.87732
    879.99111111 0.964233 -0.786864
    879.99166667 1.08632 1.89901
    879.99222222 0.997668 -0.0512995
    879.99277778 0.967501 -0.71498
    879.99333333 1.03035 0.667626
    879.99388889 1.10833 2.38317
    879.99444444 1.0994 2.18673
    879.99500000 1.03353 0.737555
    879.99555556 1.02089 0.459653
    879.99611111 1.09262 2.03756
    879.99666667 1.04644 1.02159
    879.99722222 0.965524 -0.758462
    879.99777778 1.00797 0.175329
    879.99833333 1.11521 2.53465
    879.99888889 1.04815 1.05931
    879.99944444 0.971587 -0.625075
    880.00000000 1.02868 0.630902
    880.00055556 0.954996 -0.990096
    880.00111111 0.995735 -0.0938342
    880.00166667 1.04891 1.07604
    880.00222222 1.0251 0.552111
    880.00277778 1.04299 0.945735
    880.00333333 1.07128 1.5681
    880.00388889 1.04902 1.07836
    880.00444444 1.02666 0.586616
    880.00500000 1.11993 2.6385
    880.00555556 0.957223 -0.941084
    880.00611111 0.988619 -0.250385
    880.00666667 1.08085 1.77863
    880.00722222 0.99533 -0.102739
    880.00777778 1.09025 1.98543
    880.00833333 0.975948 -0.529139
    880.00888889 1.09027 1.98596
    880.00944444 0.97394 -0.573309
    880.01000000 1.01351 0.297241
    880.01055556 0.97226 -0.610291
    880.01111111 1.05655 1.24402
    880.01166667 0.994031 -0.131311
    880.01222222 1.07391 1.62596
    880.01277778 1.04288 0.943343
    880.01333333 0.977279 -0.499854
    880.01388889 1.11853 2.60771
    880.01444444 1.03268 0.71889
    880.01500000 1.08624 1.89719
    880.01555556 0.998661 -0.029465
    880.01611111 1.1042 2.29244
    880.01666667 1.00734 0.161461
    880.01722222 1.02312 0.508693
    880.01777778 0.996389 -0.07944
    880.01833333 1.16024 3.52535
    880.01888889 1.09936 2.18589
    880.01944444 1.02141 0.471033
    880.02000000 0.980766 -0.423156
    880.02055556 1.0663 1.45866
    880.02111111 1.0318 0.699588
    880.02166667 0.981932 -0.397503
    880.02222222 1.02375 0.522504
    880.02277778 1.07596 1.67102
    880.02333333 1.09576 2.10665
    880.02388889 1.01736 0.381822
    880.02444444 1.07066 1.55463
    880.02500000 1.00831 0.182853
    880.02555556 0.928909 -1.564
    880.02611111 0.995357 -0.102136
    880.02666667 0.970567 -0.647532
    880.02722222 1.02814 0.619037
    880.02777778 1.01761 0.387406
    880.02833333 0.954206 -1.00747
    880.02888889 1.03019 0.664169
    880.02944444 1.06273 1.38008
    880.03000000 1.05606 1.23342
    880.03055556 0.991546 -0.185983
    880.03111111 1.05455 1.20016
    880.03166667 1.08426 1.85376
    880.03222222 1.09803 2.15661
    880.03277778 1.00051 0.0111434
    880.03333333 1.08956 1.97031
    880.03388889 1.09225 2.02959
    880.03444444 1.07074 1.55635
    880.03500000 0.996991 -0.0661998
    880.03555556 0.951564 -1.06558
    880.03611111 1.04936 1.08593
    880.03666667 1.05436 1.19595
    880.03722222 1.05331 1.17288
    880.03777778 1.14698 3.23352
    880.03833333 1.06248 1.37462
    880.03888889 1.0579 1.27374
    880.03944444 1.06443 1.41753
    880.04000000 1.03623 0.797072
    880.04055556 1.00681 0.149803
    880.04111111 1.02838 0.624335
    880.04166667 0.938489 -1.35325
    880.04222222 1.01817 0.399719
    880.04277778 1.02541 0.559
    880.04333333 1.09147 2.01226
    880.04388889 0.991798 -0.180454
    880.04444444 1.08037 1.76808
    880.04500000 0.975808 -0.532216
    880.04555556 0.974953 -0.551026
    880.04611111 0.985728 -0.313974
    880.04666667 1.05422 1.19278
    880.04722222 1.08783 1.93226
    880.04777778 0.978904 -0.46412
    880.04833333 1.0413 0.908651
    880.04888889 1.03284 0.722449
    880.04944444 1.05593 1.23039
    880.05000000 1.05526 1.2157
    880.05055556 1.05267 1.15868
    880.05111111 0.960742 -0.863683
    880.05166667 0.965161 -0.766461
    880.05222222 1.13547 2.9803
    880.05277778 1.02704 0.59488
    880.05333333 0.925738 -1.63376
    880.05388889 1.06361 1.39944
    880.05444444 1.0043 0.0946786
    880.05500000 1.09799 2.15573
    880.05555556 1.02067 0.454775
    880.05611111 1.08816 1.93954
    880.05666667 1.02011 0.44237
    880.05722222 0.955479 -0.979468
    880.05777778 1.06395 1.40699
    880.05833333 1.08362 1.83957
    880.05888889 1.06704 1.47478
    880.05944444 0.988957 -0.242952
    880.06000000 1.03914 0.861022
    880.06055556 1.16494 3.6286
    880.06111111 1.0335 0.73696
    880.06166667 0.991199 -0.193612
    880.06222222 0.979752 -0.445462
    880.06277778 1.05064 1.11399
    880.06333333 1.00084 0.0184212
    880.06388889 1.11037 2.42811
    880.06444444 0.994744 -0.115642
    880.06500000 0.985539 -0.318132
    880.06555556 1.02016 0.443574
    880.06611111 1.07416 1.6316
    880.06666667 1.03614 0.795082
    880.06722222 1.00945 0.207952
    880.06777778 1.06751 1.48524
    880.06833333 0.990463 -0.209819
    880.06888889 1.05639 1.24066
    880.06944444 1.04862 1.06974
    880.07000000 0.998027 -0.0434093
    880.07055556 0.950063 -1.09861
    880.07111111 0.961983 -0.836373
    880.07166667 0.93756 -1.37368
    880.07222222 0.992836 -0.157607
    880.07277778 1.03568 0.78493
    880.07333333 0.979335 -0.45463
    880.07388889 1.03201 0.704324
    880.07444444 0.999695 -0.00671256
    880.07500000 0.99899 -0.0222108
    880.07555556 1.11126 2.44782
    880.07611111 1.09624 2.11735
    880.07666667 0.971513 -0.626716
    880.07722222 1.05831 1.28276
    880.07777778 1.00349 0.0767322
    880.07833333 1.04443 0.977555
    880.07888889 1.07499 1.64969
    880.07944444 0.992331 -0.168715
    880.08000000 0.98636 -0.300089
    880.08055556 1.12246 2.6941
    880.08111111 1.02658 0.584681
    880.08166667 1.02685 0.590658
    880.08222222 1.08559 1.8829
    880.08277778 1.07911 1.7405
    880.08333333 0.993098 -0.151842
    880.08388889 1.03344 0.735604
    880.08444444 1.02007 0.441453
    880.08500000 0.987939 -0.265341
    880.08555556 0.985071 -0.328447
    880.08611111 1.07006 1.54134
    880.08666667 1.0154 0.338728
    880.08722222 0.987455 -0.275979
    880.08777778 1.04787 1.05309
    880.08833333 1.00116 0.0255468
    880.08888889 0.968202 -0.699559
    880.08944444 0.947386 -1.15752
    880.09000000 0.951853 -1.05924
    880.09055556 1.0654 1.43879
    880.09111111 1.01613 0.354768
    880.09166667 1.07438 1.63639
    880.09222222 0.953803 -1.01633
    880.09277778 1.01589 0.349588
    880.09333333 1.01639 0.360577
    880.09388889 1.01627 0.357831
    880.09444444 1.03687 0.811195
    880.09500000 1.06411 1.41052
    880.09555556 1.02312 0.50873
    880.09611111 1.03538 0.778384
    880.09666667 1.01428 0.314138
    880.09722222 1.02054 0.451856
    880.09777778 1.08112 1.78469
    880.09833333 1.01935 0.425654
    880.09888889 1.06946 1.52807
    880.09944444 0.981243 -0.412659
    880.10000000 0.982988 -0.374272
    880.10055556 0.993405 -0.145094
    880.10111111 0.963959 -0.792895
    880.10166667 1.01312 0.288584
    880.10222222 1.07257 1.59649
    880.10277778 1.03028 0.666225
    880.10333333 1.07346 1.61616
    880.10388889 0.948547 -1.13196
    880.10444444 1.0734 1.61478
    880.10500000 1.01981 0.435893
    880.10555556 1.00911 0.200448
    880.10611111 1.12859 2.82899
    880.10666667 1.01536 0.337878
    880.10722222 1.00144 0.0315814
    880.10777778 1.08851 1.94727
    880.10833333 0.961874 -0.838764
    880.10888889 0.965958 -0.748931
    880.10944444 1.09664 2.12606
    880.11000000 1.00416 0.0914109
    880.11055556 0.998668 -0.029301
    880.11111111 0.979434 -0.452452
    880.11166667 1.06009 1.32191
    880.11222222 1.0244 0.536834
    880.11277778 1.02265 0.498308
    880.11333333 1.05508 1.21182
    880.11388889 1.06156 1.35425
    880.11444444 1.01799 0.395696
    880.11500000 1.01538 0.338308
    880.11555556 0.985569 -0.317473
    880.11611111 1.11872 2.61183
    880.11666667 1.07479 1.64539
    880.11722222 1.03721 0.818722
    880.11777778 1.09345 2.05587
    880.11833333 1.04995 1.09885
    880.11888889 1.01011 0.222476
    880.11944444 1.06064 1.33398
    880.12000000 0.959894 -0.882333
    880.12055556 1.13712 3.01657
    880.12111111 0.998776 -0.0269171
    880.12166667 1.0816 1.79522
    880.12222222 0.907134 -2.04305
    880.12277778 0.965442 -0.760267
    880.12333333 1.05793 1.27447
    880.12388889 1.06605 1.45304
    880.12444444 1.0073 0.160558
    880.12500000 1.02058 0.452727
    880.12555556 1.04798 1.05557
    880.12611111 0.982281 -0.389819
    880.12666667 1.02738 0.602394
    880.12722222 0.940676 -1.30513
    880.12777778 0.97071 -0.644391
    880.12833333 1.00784 0.172386
    880.12888889 0.983136 -0.371009
    880.12944444 1.10192 2.24232
    880.13000000 1.18679 4.10928
    880.13055556 1.08391 1.84598
    880.13111111 1.04341 0.955113
    880.13166667 1.01543 0.33937
    880.13222222 1.04194 0.922596
    880.13277778 1.03836 0.843889
    880.13333333 1.03728 0.82006
    880.13388889 1.04936 1.08601
    880.13444444 1.13332 2.93311
    880.13500000 1.03746 0.824083
    880.13555556 1.03104 0.682858
    880.13611111 0.973538 -0.582175
    880.13666667 0.970875 -0.640744
    880.13722222 1.03715 0.817392
    880.13777778 1.08165 1.7962
    880.13833333 0.964677 -0.777112
    880.13888889 1.13289 2.92366
    880.13944444 0.936849 -1.38932
    880.14000000 1.09215 2.02721
    880.14055556 0.996239 -0.0827445
    880.14111111 0.982665 -0.381363
    880.14166667 0.994124 -0.129276
    880.14222222 1.01701 0.374306
    880.14277778 1.07047 1.55028
    880.14333333 1.03993 0.878549
    880.14388889 1.06952 1.52934
    880.14444444 1.07149 1.57279
    880.14500000 1.057 1.25407
    880.14555556 1.12367 2.72072
    880.14611111 1.07796 1.71502
    880.14666667 1.06317 1.38974
    880.14722222 1.01306 0.287272
    880.14777778 1.11503 2.53065
    880.14833333 1.01391 0.306037
    880.14888889 0.974205 -0.567492
    880.14944444 1.08487 1.86721
    880.15000000 1.09297 2.04535
    880.15055556 1.08564 1.88413
    880.15111111 1.00604 0.132803
    880.15166667 1.01604 0.3529
    880.15222222 1.07602 1.67251
    880.15277778 1.02742 0.603346
    880.15333333 1.05604 1.23298
    880.15388889 0.993724 -0.138076
    880.15444444 1.03105 0.683186
    880.15500000 1.0394 0.866802
    880.15555556 1.01418 0.311872
    880.15611111 0.998232 -0.0388985
    880.15666667 1.07975 1.75458
    880.15722222 1.0837 1.84144
    880.15777778 1.03207 0.705593
    880.15833333 1.06383 1.40422
    880.15888889 1.05248 1.15448
    880.15944444 1.03207 0.705606
    880.16000000 1.06604 1.4529
    880.16055556 1.03668 0.806967
    880.16111111 1.0152 0.334316
    880.16166667 1.08931 1.96475
    880.16222222 0.941047 -1.29697
    880.16277778 1.01673 0.367959
    880.16333333 1.08647 1.90242
    880.16388889 0.996198 -0.0836493
    880.16444444 1.06385 1.40467
    880.16500000 0.977226 -0.501026
    880.16555556 0.979314 -0.455085
    880.16611111 1.03516 0.773508
    880.16666667 1.01667 0.366797
    880.16722222 1.0203 0.446548
    880.16777778 1.05371 1.18171
    880.16833333 1.0265 0.583015
    880.16888889 1.08797 1.93544
    880.16944444 1.06272 1.37989
    880.17000000 1.01932 0.425069
    880.17055556 1.02624 0.577335
    880.17111111 1.06254 1.37577
    880.17166667 1.09603 2.11267
    880.17222222 0.986887 -0.288484
    880.17277778 0.948961 -1.12285
    880.17333333 1.04015 0.883275
    880.17388889 1.04396 0.967083
    880.17444444 1.05471 1.2036
    880.17500000 0.955143 -0.986857
    880.17555556 1.10081 2.21783
    880.17611111 1.06526 1.43574
    880.17666667 1.03363 0.739968
    880.17722222 1.04509 0.991895
    880.17777778 1.00334 0.0734801
    880.17833333 0.999043 -0.0210503
    880.17888889 0.928495 -1.57311
    880.17944444 1.0535 1.1771
    880.18000000 1.02016 0.443582
    880.18055556 1.02723 0.599134
    880.18111111 1.02033 0.447188
    880.18166667 1.00095 0.020931
    880.18222222 1.03989 0.877599
    880.18277778 1.07196 1.58305
    880.18333333 1.01116 0.245599
    880.18388889 1.03898 0.857481
    880.18444444 1.07899 1.7378
    880.18500000 1.05453 1.19973
    880.18555556 0.986752 -0.291455
    880.18611111 1.15446 3.39813
    880.18666667 1.07859 1.72894
    880.18722222 0.96422 -0.787152
    880.18777778 1.03633 0.799155
    880.18833333 1.12977 2.855
    880.18888889 0.944964 -1.21078
    880.18944444 1.11469 2.52317
    880.19000000 1.02703 0.594565
    880.19055556 1.07732 1.70111
    880.19111111 1.13993 3.07847
    880.19166667 1.0522 1.14837
    880.19222222 0.999911 -0.00195909
    880.19277778 1.01457 0.320501
    880.19333333 1.06725 1.47953
    880.19388889 0.988931 -0.243521
    880.19444444 1.06439 1.41664
    880.19500000 1.10585 2.3286
    880.19555556 1.06927 1.52385
    880.19611111 1.02277 0.500949
    880.19666667 1.00635 0.139751
    880.19722222 1.11851 2.60727
    880.19777778 1.01315 0.289299
    880.19833333 1.01646 0.362048
    880.19888889 1.1039 2.28573
    880.19944444 1.06816 1.49957
    880.20000000 1.09577 2.10683
    880.20055556 1.01766 0.388552
    880.20111111 1.0659 1.44973
    880.20166667 0.957953 -0.925025
    880.20222222 0.962243 -0.830644
    880.20277778 0.973499 -0.583022
    880.20333333 1.03377 0.7429
    880.20388889 1.06078 1.33715
    880.20444444 1.13333 2.93334
    880.20500000 0.997977 -0.0444964
    880.20555556 1.08817 1.93985
    880.20611111 1.02241 0.493073
    880.20666667 1.06415 1.41126
    880.20722222 1.03554 0.781922
    880.20777778 1.02839 0.624673
    880.20833333 0.944531 -1.22031
    880.20888889 1.02283 0.50231
    880.20944444 1.09552 2.10135
    880.21000000 1.04102 0.902407
    880.21055556 1.09038 1.98845
    880.21111111 1.00046 0.0101364
    880.21166667 1.09941 2.18693
    880.21222222 0.965352 -0.762265
    880.21277778 1.05819 1.28023
    880.21333333 0.966878 -0.728684
    880.21388889 1.02576 0.566816
    880.21444444 1.06248 1.37458
    880.21500000 1.12246 2.69418
    880.21555556 1.08119 1.78608
    880.21611111 1.11139 2.45047
    880.21666667 0.966181 -0.744013
    880.21722222 1.04915 1.08134
    880.21777778 1.01917 0.421691
    880.21833333 1.00223 0.0491371
    880.21888889 1.04677 1.02894
    880.21944444 1.04878 1.07317
    880.22000000 1.02215 0.487262
    880.22055556 1.06023 1.32507
    880.22111111 1.08373 1.84196
    880.22166667 0.992702 -0.160555
    880.22222222 1.07441 1.63709
    880.22277778 1.10563 2.3239
    880.22333333 1.00455 0.100003
    880.22388889 1.12628 2.77824
    880.22444444 1.04687 1.03115
    880.22500000 1.05641 1.24102
    880.22555556 0.919884 -1.76254
    880.22611111 0.980754 -0.423413
    880.22666667 0.978985 -0.462338
    880.22722222 1.10316 2.26957
    880.22777778 1.06582 1.44808
    880.22833333 0.952925 -1.03565
    880.22888889 0.950234 -1.09485
    880.22944444 1.04897 1.07731
    880.23000000 0.986024 -0.307481
    880.23055556 1.05107 1.12349
    880.23111111 0.942024 -1.27546
    880.23166667 1.04325 0.951528
    880.23222222 1.07078 1.55717
    880.23277778 1.07064 1.55413
    880.23333333 1.05535 1.2176
    880.23388889 1.09465 2.08226
    880.23444444 1.0255 0.561075
    880.23500000 1.03121 0.686538
    880.23555556 1.05196 1.14322
    880.23611111 1.0173 0.380702
    880.23666667 1.00632 0.139127
    880.23722222 1.15976 3.5148
    880.23777778 1.09402 2.06843
    880.23833333 1.08389 1.84561
    880.23888889 0.953252 -1.02845
    880.23944444 0.984374 -0.34377
    880.24000000 0.972314 -0.609084
    880.24055556 1.02206 0.485426
    880.24111111 1.03523 0.775027
    880.24166667 1.03599 0.791707
    880.24222222 1.08836 1.94384
    880.24277778 1.09537 2.09807
    880.24333333 0.971835 -0.619628
    880.24388889 1.01542 0.339273
    880.24444444 0.970823 -0.64189
    880.24500000 1.07266 1.59856
    880.24555556 1.11192 2.46225
    880.24611111 1.02253 0.495751
    880.24666667 0.984188 -0.347866
    880.24722222 1.06107 1.34353
    880.24777778 1.05792 1.27422
    880.24833333 0.999109 -0.0195935
    880.24888889 0.924936 -1.6514
    880.24944444 0.993072 -0.152406
    880.25000000 0.996498 -0.0770442
    880.25055556 1.04278 0.941221
    880.25111111 0.983696 -0.358699
    880.25166667 0.988908 -0.244035
    880.25222222 1.05601 1.23212
    880.25277778 1.00249 0.0547836
    880.25333333 0.951827 -1.0598
    880.25388889 0.980298 -0.433438
    880.25444444 1.03562 0.783563
    880.25500000 1.13394 2.94674
    880.25555556 1.0037 0.0814424
    880.25611111 1.05098 1.12148
    880.25666667 1.02891 0.636021
    880.25722222 0.996543 -0.0760608
    880.25777778 1.07125 1.56752
    880.25833333 1.04 0.879939
    880.25888889 1.03927 0.86398
    880.25944444 0.96927 -0.676059
    880.26000000 1.0898 1.97564
    880.26055556 1.04084 0.898551
    880.26111111 1.12196 2.68315
    880.26166667 1.07129 1.56847
    880.26222222 1.08889 1.95566
    880.26277778 1.00672 0.147797
    880.26333333 0.963202 -0.809556
    880.26388889 1.00972 0.2139
    880.26444444 0.979929 -0.441571
    880.26500000 1.10188 2.24133
    880.26555556 1.10599 2.33178
    880.26611111 1.03249 0.71477
    880.26666667 1.02822 0.620946
    880.26722222 1.03645 0.80188
    880.26777778 1.03237 0.712247
    880.26833333 1.05236 1.15196
    880.26888889 1.05088 1.11944
    880.26944444 1.01842 0.405145
    880.27000000 1.03695 0.81284
    880.27055556 1.03092 0.680335
    880.27111111 1.04452 0.979393
    880.27166667 1.02109 0.46391
    880.27222222 1.06177 1.35888
    880.27277778 1.05406 1.18924
    880.27333333 1.00108 0.0237031
    880.27388889 1.0671 1.47618
    880.27444444 1.05087 1.11905
    880.27500000 0.997322 -0.0589103
    880.27555556 1.09306 2.04725
    880.27611111 1.0705 1.55096
    880.27666667 1.07742 1.70317
    880.27722222 1.10878 2.39326
    880.27777778 1.00601 0.132321
    880.27833333 1.03844 0.845688
    880.27888889 1.05063 1.11386
    880.27944444 1.02114 0.465127
    880.28000000 1.05768 1.26895
    880.28055556 0.923077 -1.6923
    880.28111111 1.05862 1.28961
    880.28166667 0.99732 -0.0589561
    880.28222222 1.021 0.462079
    880.28277778 1.01292 0.284319
    880.28333333 1.08086 1.77894
    880.28388889 1.10937 2.40614
    880.28444444 1.00128 0.0281956
    880.28500000 0.95958 -0.889236
    880.28555556 0.995783 -0.0927799
    880.28611111 1.1014 2.23083
    880.28666667 0.985736 -0.313801
    880.28722222 1.02576 0.566776
    880.28777778 1.01615 0.35531
    880.28833333 1.02308 0.507818
    880.28888889 0.966021 -0.747541
    880.28944444 0.9768 -0.510399
    880.29000000 1.04396 0.967138
    880.29055556 1.03495 0.768872
    880.29111111 0.935124 -1.42726
    880.29166667 1.03835 0.843794
    880.29222222 1.13327 2.932
    880.29277778 1.11645 2.56182
    880.29333333 1.09023 1.98512
    880.29388889 1.12878 2.83316
    880.29444444 1.0375 0.824938
    880.29500000 1.02931 0.644773
    880.29555556 1.06063 1.33386
    880.29611111 0.996223 -0.0830867
    880.29666667 1.04026 0.88579
    880.29722222 1.07466 1.64255
    880.29777778 0.998458 -0.0339181
    880.29833333 1.01499 0.329798
    880.29888889 1.0589 1.29569
    880.29944444 0.976174 -0.524179
    880.30000000 1.03635 0.79964
    880.30055556 1.0404 0.888898
    880.30111111 1.06418 1.41197
    880.30166667 1.02749 0.604796
    880.30222222 1.0422 0.928444
    880.30277778 0.926673 -1.61319
    880.30333333 0.964205 -0.787497
    880.30388889 1.00129 0.0283556
    880.30444444 0.969216 -0.677256
    880.30500000 1.07321 1.61067
    880.30555556 0.952562 -1.04363
    880.30611111 1.04648 1.02256
    880.30666667 1.00562 0.123564
    880.30722222 0.997356 -0.0581641
    880.30777778 1.0455 1.00099
    880.30833333 1.03275 0.720474
    880.30888889 1.03495 0.768908
    880.30944444 1.04117 0.90568
    880.31000000 1.05283 1.16228
    880.31055556 0.985349 -0.322312
    880.31111111 1.02306 0.507332
    880.31166667 1.07602 1.67246
    880.31222222 1.02817 0.619698
    880.31277778 1.04486 0.987015
    880.31333333 1.00764 0.167975
    880.31388889 1.01047 0.230294
    880.31444444 1.01478 0.325148
    880.31500000 1.08387 1.84503
    880.31555556 1.023 0.506108
    880.31611111 1.09402 2.06843
    880.31666667 1.03408 0.749661
    880.31722222 1.06579 1.44741
    880.31777778 1.04833 1.0633
    880.31833333 1.07908 1.73967
    880.31888889 1.05899 1.29785
    880.31944444 1.07311 1.6084
    880.32000000 1.05223 1.14916
    880.32055556 0.998332 -0.0366863
    880.32111111 0.944812 -1.21414
    880.32166667 1.11397 2.50739
    880.32222222 1.06148 1.3526
    880.32277778 0.959679 -0.887071
    880.32333333 1.0813 1.78859
    880.32388889 1.0341 0.750109
    880.32444444 1.06068 1.33493
    880.32500000 0.985231 -0.324928
    880.32555556 0.997531 -0.0543102
    880.32611111 0.968742 -0.687684
    880.32666667 0.915907 -1.85004
    880.32722222 1.03831 0.842832
    880.32777778 1.04893 1.07647
    880.32833333 1.11764 2.58817
    880.32888889 1.05428 1.19406
    880.32944444 0.988909 -0.243997
    880.33000000 1.12088 2.65934
    880.33055556 0.997681 -0.051007
    880.33111111 1.03243 0.713529
    880.33166667 0.918583 -1.79117
    880.33222222 1.11411 2.51053
    880.33277778 1.06021 1.32472
    880.33333333 1.10041 2.20907
    880.33388889 1.05261 1.15749
    880.33444444 1.12052 2.6515
    880.33500000 1.0576 1.26719
    880.33555556 1.09594 2.11064
    880.33611111 1.15382 3.38406
    880.33666667 1.0949 2.08787
    880.33722222 1.07904 1.73881
    880.33777778 1.03511 0.772444
    880.33833333 1.00416 0.0916102
    880.33888889 1.12583 2.7682
    880.33944444 1.03351 0.73717
    880.34000000 0.992945 -0.155206
    880.34055556 1.02577 0.566944
    880.34111111 1.04 0.879989
    880.34166667 1.0044 0.0966954
    880.34222222 0.964395 -0.783309
    880.34277778 1.05542 1.21916
    880.34333333 1.07276 1.60065
    880.34388889 0.969901 -0.66218
    880.34444444 0.925214 -1.6453
    880.34500000 0.967695 -0.710717
    880.34555556 0.93929 -1.33563
    880.34611111 1.02767 0.608638
    880.34666667 1.09873 2.17209
    880.34722222 1.05066 1.1146
    880.34777778 1.06029 1.32629
    880.34833333 1.05954 1.30993
    880.34888889 0.956191 -0.963795
    880.34944444 1.04152 0.913443
    880.35000000 1.01989 0.437574
    880.35055556 1.16239 3.57266
    880.35111111 1.02175 0.478471
    880.35166667 1.01188 0.261345
    880.35222222 1.00901 0.198306
    880.35277778 1.06683 1.47024
    880.35333333 1.01383 0.304217
    880.35388889 0.97789 -0.48643
    880.35444444 1.08264 1.81815
    880.35500000 1.09369 2.06128
    880.35555556 1.06346 1.39621
    880.35611111 1.01872 0.41194
    880.35666667 1.05321 1.17059
    880.35722222 1.06384 1.40438
    880.35777778 1.0677 1.48933
    880.35833333 1.0698 1.5356
    880.35888889 1.01229 0.270409
    880.35944444 1.08404 1.84893
    880.36000000 1.04126 0.907613
    880.36055556 1.00047 0.0102308
    880.36111111 1.04636 1.01984
    880.36166667 1.02434 0.535562
    880.36222222 1.07645 1.68188
    880.36277778 1.07652 1.68342
    880.36333333 1.03552 0.781523
    880.36388889 1.03155 0.694119
    880.36444444 1.06107 1.34351
    880.36500000 1.10042 2.20923
    880.36555556 1.06089 1.33949
    880.36611111 0.956685 -0.952932
    880.36666667 1.12399 2.72789
    880.36722222 1.0949 2.08775
    880.36777778 1.15911 3.50038
    880.36833333 1.0409 0.899839
    880.36888889 1.02973 0.653952
    880.36944444 0.94795 -1.14511
    880.37000000 0.987867 -0.266918
    880.37055556 1.01821 0.400632
    880.37111111 1.0024 0.052793
    880.37166667 1.0042 0.0923288
    880.37222222 1.05599 1.23188
    880.37277778 0.999247 -0.0165617
    880.37333333 1.01534 0.337506
    880.37388889 1.01052 0.231398
    880.37444444 0.930016 -1.53964
    880.37500000 1.01464 0.322082
    880.37555556 0.987793 -0.26856
    880.37611111 0.941072 -1.29642
    880.37666667 1.06991 1.53804
    880.37722222 0.962359 -0.828106
    880.37777778 1.00926 0.203797
    880.37833333 1.04749 1.0448
    880.37888889 1.06135 1.34965
    880.37944444 1.00722 0.158783
    880.38000000 1.15781 3.47177
    880.38055556 1.0798 1.75565
    880.38111111 1.09025 1.9855
    880.38166667 1.13649 3.00287
    880.38222222 1.05349 1.17677
    880.38277778 1.05431 1.1948
    880.38333333 1.07765 1.70837
    880.38388889 1.05417 1.19165
    880.38444444 1.03326 0.731762
    880.38500000 1.06414 1.41104
    880.38555556 1.04246 0.934041
    880.38611111 1.09257 2.03662
    880.38666667 1.08699 1.91388
    880.38722222 1.12675 2.78843
    880.38777778 1.03858 0.848843
    880.38833333 0.957214 -0.941289
    880.38888889 0.974893 -0.552356
    880.38944444 1.02839 0.62466
    880.39000000 0.99525 -0.104511
    880.39055556 1.02053 0.451557
    880.39111111 0.974501 -0.560975
    880.39166667 0.930819 -1.52198
    880.39222222 1.09988 2.19745
    880.39277778 1.02389 0.525586
    880.39333333 1.08533 1.87718
    880.39388889 1.06662 1.46574
    880.39444444 1.01046 0.230036
    880.39500000 1.09589 2.10948
    880.39555556 1.05562 1.22364
    880.39611111 0.990991 -0.198203
    880.39666667 1.06223 1.36905
    880.39722222 1.03509 0.772016
    880.39777778 1.00639 0.140577
    880.39833333 1.02232 0.491109
    880.39888889 1.07162 1.5757
    880.39944444 1.12344 2.71576
    880.40000000 1.07362 1.61973
    880.40055556 0.966489 -0.737238
    880.40111111 1.03951 0.86922
    880.40166667 1.01246 0.274109
    880.40222222 1.06855 1.50799
    880.40277778 0.952694 -1.04074
    880.40333333 1.05142 1.13127
    880.40388889 1.02853 0.627584
    880.40444444 1.00549 0.120834
    880.40500000 0.975714 -0.534286
    880.40555556 1.03309 0.728059
    880.40611111 1.0839 1.84577
    880.40666667 1.00015 0.00320745
    880.40722222 1.02386 0.52498
    880.40777778 1.0466 1.02518
    880.40833333 0.974215 -0.567267
    880.40888889 0.996585 -0.0751284
    880.40944444 0.977288 -0.49966
    880.41000000 0.99084 -0.20153
    880.41055556 1.05271 1.15955
    880.41111111 1.00912 0.200718
    880.41166667 1.11213 2.46693
    880.41222222 1.05509 1.21191
    880.41277778 1.07569 1.66513
    880.41333333 1.17945 3.94798
    880.41388889 0.988254 -0.258421
    880.41444444 0.952968 -1.03469
    880.41500000 1.13671 3.00755
    880.41555556 1.00819 0.180079
    880.41611111 1.12092 2.66018
    880.41666667 1.03136 0.689915
    880.41722222 0.968708 -0.688415
    880.41777778 0.982265 -0.390171
    880.41833333 1.05398 1.1875
    880.41888889 0.972341 -0.608499
    880.41944444 1.0801 1.76214
    880.42000000 1.09409 2.07004
    880.42055556 1.0407 0.895494
    880.42111111 1.12163 2.67582
    880.42166667 1.01302 0.286336
    880.42222222 1.08334 1.83348
    880.42277778 1.02137 0.470196
    880.42333333 0.945189 -1.20584
    880.42388889 1.05357 1.17849
    880.42444444 0.972169 -0.612275
    880.42500000 1.04548 1.00049
    880.42555556 1.06362 1.39967
    880.42611111 1.09249 2.03475
    880.42666667 1.00154 0.0339444
    880.42722222 0.998278 -0.037877
    880.42777778 0.938141 -1.3609
    880.42833333 0.969487 -0.67129
    880.42888889 1.00184 0.0404825
    880.42944444 1.06153 1.35371
    880.43000000 1.04979 1.09542
    880.43055556 1.07307 1.60755
    880.43111111 0.956566 -0.955554
    880.43166667 1.00781 0.171917
    880.43222222 1.05908 1.29987
    880.43277778 0.957079 -0.944253
    880.43333333 1.06134 1.34943
    880.43388889 1.04058 0.89286
    880.43444444 1.06959 1.5309
    880.43500000 1.04497 0.989362
    880.43555556 1.04646 1.02208
    880.43611111 1.17878 3.93317
    880.43666667 1.05186 1.14085
    880.43722222 1.04807 1.0576
    880.43777778 1.06642 1.46124
    880.43833333 1.09123 2.00706
    880.43888889 0.998222 -0.0391214
    880.43944444 0.900576 -2.18732
    880.44000000 1.07774 1.71027
    880.44055556 1.05287 1.16313
    880.44111111 1.097 2.13392
    880.44166667 1.10442 2.2972
    880.44222222 1.03181 0.699826
    880.44277778 0.930603 -1.52673
    880.44333333 1.0235 0.517057
    880.44388889 1.00652 0.143491
    880.44444444 0.92406 -1.67068
    880.44500000 0.986721 -0.292146
    880.44555556 1.03775 0.830492
    880.44611111 1.0608 1.33769
    880.44666667 1.03284 0.72253
    880.44722222 1.0166 0.365108
    880.44777778 0.965584 -0.757142
    880.44833333 1.07418 1.63207
    880.44888889 1.04206 0.925402
    880.44944444 1.00639 0.140561
    880.45000000 1.01071 0.235612
    880.45055556 1.05344 1.17557
    880.45111111 1.01382 0.304044
    880.45166667 1.03766 0.828413
    880.45222222 1.14209 3.12595
    880.45277778 1.02696 0.593013
    880.45333333 1.03561 0.783498
    880.45388889 1.04549 1.00086
    880.45444444 1.09623 2.11716
    880.45500000 1.00362 0.0796301
    880.45555556 1.02541 0.559013
    880.45611111 1.10914 2.40104
    880.45666667 1.07686 1.69086
    880.45722222 1.07846 1.72622
    880.45777778 0.95209 -1.05402
    880.45833333 1.03179 0.699365
    880.45888889 1.02656 0.584426
    880.45944444 1.02908 0.639658
    880.46000000 1.02142 0.471256
    880.46055556 1.00414 0.0910411
    880.46111111 1.09828 2.16222
    880.46166667 0.996618 -0.0743967
    880.46222222 1.02066 0.454545
    880.46277778 1.10016 2.2036
    880.46333333 1.06862 1.50956
    880.46388889 1.05199 1.14383
    880.46444444 0.976324 -0.520881
    880.46500000 0.978085 -0.482134
    880.46555556 1.0478 1.0516
    880.46611111 1.05294 1.16475
    880.46666667 0.993824 -0.135867
    880.46722222 1.03422 0.752842
    880.46777778 1.0034 0.0748439
    880.46833333 0.974254 -0.566406
    880.46888889 0.983854 -0.355215
    880.46944444 1.18486 4.06702
    880.47000000 1.02488 0.547379
    880.47055556 1.03626 0.79777
    880.47111111 1.06145 1.35197
    880.47166667 1.07183 1.58036
    880.47222222 1.05089 1.11959
    880.47277778 1.04209 0.92607
    880.47333333 0.964663 -0.777412
    880.47388889 1.03226 0.709614
    880.47444444 1.03472 0.763862
    880.47500000 0.986349 -0.300321
    880.47555556 1.13053 2.87169
    880.47611111 0.997124 -0.0632716
    880.47666667 1.04045 0.88991
    880.47722222 1.01986 0.437015
    880.47777778 1.11142 2.4512
    880.47833333 1.06827 1.50185
    880.47888889 1.00991 0.218109
    880.47944444 1.01764 0.388046
    880.48000000 0.981681 -0.403013
    880.48055556 0.952742 -1.03967
    880.48111111 1.11397 2.50743
    880.48166667 1.07533 1.65735
    880.48222222 0.963757 -0.797346
    880.48277778 1.07166 1.57649
    880.48333333 1.16005 3.52113
    880.48388889 1.02121 0.466598
    880.48444444 0.989646 -0.227781
    880.48500000 1.09359 2.059
    880.48555556 0.97438 -0.563645
    880.48611111 1.08486 1.86695
    880.48666667 1.06813 1.49893
    880.48722222 1.052 1.14391
    880.48777778 1.05057 1.11246
    880.48833333 1.05308 1.16779
    880.48888889 1.04091 0.900101
    880.48944444 0.997098 -0.0638381
    880.49000000 1.03227 0.710015
    880.49055556 1.05294 1.1647
    880.49111111 0.967141 -0.722888
    880.49166667 1.03925 0.863466
    880.49222222 1.11681 2.56984
    880.49277778 0.921126 -1.73522
    880.49333333 1.07697 1.69328
    880.49388889 0.980244 -0.434631
    880.49444444 1.10065 2.2142
    880.49500000 1.02455 0.540099
    880.49555556 1.0517 1.13748
    880.49611111 0.995346 -0.102383
    880.49666667 1.00013 0.0029583
    880.49722222 0.952482 -1.04539
    880.49777778 1.06321 1.39058
    880.49833333 1.11602 2.55238
    880.49888889 1.06406 1.40926
    880.49944444 0.995864 -0.0909899
    880.50000000 0.977686 -0.490919
    880.50055556 1.05634 1.23939
    880.50111111 1.11575 2.54652
    880.50166667 0.990777 -0.202895
    880.50222222 1.07419 1.63226
    880.50277778 1.0577 1.26944
    880.50333333 1.01226 0.26963
    880.50388889 1.10715 2.35719
    880.50444444 1.08957 1.97044
    880.50500000 1.03265 0.718334
    880.50555556 1.02263 0.497844
    880.50611111 1.02753 0.605662
    880.50666667 0.968819 -0.68598
    880.50722222 1.11317 2.48965
    880.50777778 1.0169 0.371825
    880.50833333 1.03214 0.707138
    880.50888889 1.01127 0.247936
    880.50944444 1.01111 0.244406
    880.51000000 1.09885 2.17464
    880.51055556 1.03839 0.844681
    880.51111111 1.03826 0.841814
    880.51166667 1.08696 1.91302
    880.51222222 1.03535 0.777715
    880.51277778 1.02133 0.469221
    880.51333333 1.05703 1.25474
    880.51388889 1.04401 0.96831
    880.51444444 1.09643 2.12142
    880.51500000 1.08268 1.81896
    880.51555556 0.990721 -0.204138
    880.51611111 1.04052 0.891413
    880.51666667 1.0693 1.52449
    880.51722222 0.99972 -0.0061605
    880.51777778 1.02121 0.466635
    880.51833333 1.02433 0.535316
    880.51888889 1.01799 0.395838
    880.51944444 0.993797 -0.13647
    880.52000000 0.956462 -0.957826
    880.52055556 1.11551 2.54111
    880.52111111 1.0405 0.891072
    880.52166667 1.03691 0.812063
    880.52222222 0.99724 -0.0607238
    880.52277778 1.02752 0.605347
    880.52333333 0.930801 -1.52237
    880.52388889 1.04487 0.987203
    880.52444444 1.08055 1.77211
    880.52500000 1.07102 1.56248
    880.52555556 0.950211 -1.09535
    880.52611111 0.973086 -0.592099
    880.52666667 1.02151 0.473267
    880.52722222 0.93948 -1.33144
    880.52777778 0.981332 -0.410688
    880.52833333 1.03859 0.849071
    880.52888889 1.03797 0.835441
    880.52944444 1.0583 1.28253
    880.53000000 1.00592 0.130149
    880.53055556 1.08174 1.7983
    880.53111111 1.09353 2.05756
    880.53166667 1.0923 2.03065
    880.53222222 1.02246 0.494017
    880.53277778 1.01398 0.30754
    880.53333333 1.03939 0.866629
    880.53388889 1.04695 1.0329
    880.53444444 1.02672 0.587804
    880.53500000 1.00041 0.00894833
    880.53555556 1.13506 2.97124
    880.53611111 1.03245 0.713944
    880.53666667 0.984554 -0.339813
    880.53722222 1.02976 0.654618
    880.53777778 1.02283 0.502339
    880.53833333 0.977614 -0.492494
    880.53888889 0.937579 -1.37325
    880.53944444 1.18096 3.98113
    880.54000000 0.991014 -0.197697
    880.54055556 1.09889 2.17561
    880.54111111 1.06606 1.45323
    880.54166667 1.00517 0.113716
    880.54222222 1.04585 1.00862
    880.54277778 1.03221 0.70862
    880.54333333 0.973806 -0.576262
    880.54388889 1.04745 1.04385
    880.54444444 1.03505 0.771169
    880.54500000 1.0656 1.44319
    880.54555556 1.02427 0.534036
    880.54611111 1.04623 1.01704
    880.54666667 1.09352 2.05745
    880.54722222 1.07237 1.59214
    880.54777778 1.07469 1.64316
    880.54833333 1.0056 0.123241
    880.54888889 0.973811 -0.576163
    880.54944444 1.06639 1.46065
    880.55000000 1.02264 0.498127
    880.55055556 1.0771 1.69615
    880.55111111 1.01669 0.367154
    880.55166667 1.02559 0.562884
    880.55222222 1.07171 1.57762
    880.55277778 1.0287 0.631329
    880.55333333 1.09307 2.04747
    880.55388889 0.982248 -0.390537
    880.55444444 1.07925 1.74345
    880.55500000 1.08403 1.8487
    880.55555556 1.05759 1.26705
    880.55611111 1.10064 2.21419
    880.55666667 1.03601 0.792299
    880.55722222 0.976992 -0.506167
    880.55777778 1.11576 2.54663
    880.55833333 1.02014 0.442995
    880.55888889 1.06649 1.46273
    880.55944444 1.0591 1.30016
    880.56000000 1.05359 1.17908
    880.56055556 1.04218 0.928064
    880.56111111 0.975102 -0.547757
    880.56166667 1.04284 0.942401
    880.56222222 1.118 2.596
    880.56277778 1.08033 1.76727
    880.56333333 1.01861 0.409491
    880.56388889 1.04091 0.900078
    880.56444444 1.01619 0.356247
    880.56500000 1.02839 0.624676
    880.56555556 1.04335 0.953597
    880.56611111 1.06788 1.4934
    880.56666667 1.09681 2.12983
    880.56722222 1.007 0.154057
    880.56777778 0.963331 -0.806728
    880.56833333 1.0371 0.81611
    880.56888889 1.11517 2.53382
    880.56944444 1.01563 0.34391
    880.57000000 1.03698 0.813561
    880.57055556 1.05432 1.19506
    880.57111111 0.994943 -0.111263
    880.57166667 1.07901 1.73813
    880.57222222 1.13363 2.93977
    880.57277778 0.938836 -1.34561
    880.57333333 1.08502 1.87047
    880.57388889 0.993556 -0.141771
    880.57444444 1.09545 2.10001
    880.57500000 1.04923 1.08299
    880.57555556 1.05755 1.26609
    880.57611111 1.00381 0.0838211
    880.57666667 1.02452 0.539344
    880.57722222 0.98869 -0.248829
    880.57777778 1.09648 2.12264
    880.57833333 1.01331 0.292919
    880.57888889 1.01069 0.235075
    880.57944444 0.972696 -0.600681
    880.58000000 1.07262 1.59754
    880.58055556 1.06291 1.38393
    880.58111111 1.01199 0.263865
    880.58166667 0.98239 -0.38742
    880.58222222 1.00705 0.155122
    880.58277778 1.04945 1.0878
    880.58333333 1.06716 1.4776
    880.58388889 1.11795 2.59498
    880.58444444 1.07669 1.68726
    880.58500000 1.04287 0.943146
    880.58555556 1.05452 1.19946
    880.58611111 1.12512 2.75255
    880.58666667 0.993398 -0.145242
    880.58722222 1.04533 0.997324
    880.58777778 0.996149 -0.0847298
    880.58833333 1.00412 0.090632
    880.58888889 1.02943 0.64755
    880.58944444 1.01079 0.237306
    880.59000000 1.11918 2.62188
    880.59055556 0.983027 -0.373397
    880.59111111 1.02856 0.628268
    880.59166667 1.13425 2.95341
    880.59222222 1.05985 1.31659
    880.59277778 1.04917 1.08181
    880.59333333 0.945549 -1.19792
    880.59388889 1.00661 0.145329
    880.59444444 1.03133 0.68931
    880.59500000 1.0406 0.89323
    880.59555556 1.04356 0.958405
    880.59611111 1.04282 0.942095
    880.59666667 1.01402 0.308395
    880.59722222 1.06484 1.42659
    880.59777778 0.998136 -0.041007
    880.59833333 0.957397 -0.937266
    880.59888889 0.97461 -0.558581
    880.59944444 0.987904 -0.266117
    880.60000000 1.09763 2.14797
    880.60055556 0.988276 -0.257936
    880.60111111 1.07296 1.60506
    880.60166667 1.00318 0.0700576
    880.60222222 1.05301 1.16632
    880.60277778 0.99409 -0.13003
    880.60333333 1.02474 0.54424
    880.60388889 1.14664 3.22606
    880.60444444 1.00676 0.14882
    880.60500000 0.934879 -1.43266
    880.60555556 0.980672 -0.425225
    880.60611111 1.04025 0.885585
    880.60666667 0.996032 -0.0873013
    880.60722222 0.966335 -0.740638
    880.60777778 1.04937 1.08612
    880.60833333 1.02444 0.537652
    880.60888889 0.993605 -0.140684
    880.60944444 1.01083 0.238182
    880.61000000 1.02636 0.579939
    880.61055556 1.05096 1.12113
    880.61111111 1.03727 0.820033
    880.61166667 1.08435 1.85571
    880.61222222 1.08294 1.82471
    880.61277778 0.977714 -0.490281
    880.61333333 1.02818 0.619944
    880.61388889 1.10061 2.21334
    880.61444444 0.943706 -1.23846
    880.61500000 1.01247 0.274448
    880.61555556 1.01139 0.250503
    880.61611111 1.0183 0.402575
    880.61666667 0.994184 -0.127946
    880.61722222 1.01665 0.366373
    880.61777778 1.12833 2.82329
    880.61833333 1.17553 3.86171
    880.61888889 0.970248 -0.654543
    880.61944444 1.02699 0.593695
    880.62000000 0.985402 -0.321158
    880.62055556 1.00754 0.165937
    880.62111111 1.05021 1.1047
    880.62166667 0.973104 -0.591703
    880.62222222 1.04246 0.934227
    880.62277778 1.01647 0.362439
    880.62333333 0.973202 -0.589559
    880.62388889 1.03537 0.778066
    880.62444444 0.996417 -0.0788329
    880.62500000 1.0526 1.15728
    880.62555556 1.05286 1.16292
    880.62611111 1.06841 1.50492
    880.62666667 1.01722 0.378754
    880.62722222 1.00991 0.218004
    880.62777778 0.986371 -0.299837
    880.62833333 1.06982 1.53601
    880.62888889 1.07955 1.75011
    880.62944444 1.00912 0.200613
    880.63000000 1.04901 1.07831
    880.63055556 0.991464 -0.187786
    880.63111111 1.03074 0.67622
    880.63166667 1.06038 1.32832
    880.63222222 1.06699 1.47375
    880.63277778 1.04517 0.993702
    880.63333333 0.974388 -0.563463
    880.63388889 0.975584 -0.537155
    880.63444444 0.990777 -0.202912
    880.63500000 1.12013 2.64293
    880.63555556 1.08809 1.93807
    880.63611111 0.962223 -0.83109
    880.63666667 1.11211 2.46635
    880.63722222 0.999519 -0.0105743
    880.63777778 1.02699 0.593792
    880.63833333 1.04509 0.992084
    880.63888889 1.05343 1.17545
    880.63944444 1.024 0.528035
    880.64000000 0.978733 -0.46788
    880.64055556 1.08836 1.94401
    880.64111111 1.10245 2.25388
    880.64166667 1.05702 1.25436
    880.64222222 1.11421 2.51255
    880.64277778 1.11169 2.45729
    880.64333333 1.02096 0.461214
    880.64388889 1.08013 1.76289
    880.64444444 0.990992 -0.198176
    880.64500000 1.11717 2.57783
    880.64555556 1.06497 1.42924
    880.64611111 1.01611 0.35445
    880.64666667 1.07809 1.71804
    880.64722222 1.17175 3.77855
    880.64777778 0.985638 -0.315965
    880.64833333 0.987672 -0.271217
    880.64888889 0.99331 -0.147177
    880.64944444 1.0233 0.512507
    880.65000000 1.07514 1.653
    880.65055556 1.09563 2.10386
    880.65111111 1.05409 1.19006
    880.65166667 1.0444 0.976763
    880.65222222 0.976056 -0.526772
    880.65277778 1.0812 1.78632
    880.65333333 1.07215 1.58731
    880.65388889 1.05051 1.11132
    880.65444444 1.03453 0.759643
    880.65500000 0.957576 -0.933325
    880.65555556 0.988801 -0.246373
    880.65611111 1.12003 2.64062
    880.65666667 0.923078 -1.69229
    880.65722222 1.14525 3.19541
    880.65777778 0.99224 -0.170717
    880.65833333 1.07925 1.74355
    880.65888889 1.06502 1.43047
    880.65944444 1.02129 0.46845
    880.66000000 0.947006 -1.16586
    880.66055556 1.09237 2.03221
    880.66111111 0.923116 -1.69144
    880.66166667 1.06687 1.47111
    880.66222222 1.02523 0.555009
    880.66277778 0.981876 -0.398737
    880.66333333 1.00776 0.170703
    880.66388889 0.930672 -1.52522
    880.66444444 0.939962 -1.32084
    880.66500000 1.13034 2.86742
    880.66555556 1.01929 0.424277
    880.66611111 0.987679 -0.271066
    880.66666667 1.01824 0.401237
    880.66722222 1.12146 2.67223
    880.66777778 1.02248 0.494563
    880.66833333 1.06189 1.36168
    880.66888889 1.12241 2.69313
    880.66944444 1.10259 2.25704
    880.67000000 1.07316 1.60942
    880.67055556 1.01199 0.263816
    880.67111111 1.03347 0.736435
    880.67166667 1.02201 0.484204
    880.67222222 1.09322 2.05091
    880.67277778 1.01059 0.232877
    880.67333333 1.0156 0.34321
    880.67388889 0.950361 -1.09206
    880.67444444 1.12162 2.67558
    880.67500000 1.02014 0.443176
    880.67555556 0.990591 -0.207005
    880.67611111 1.06793 1.49455
    880.67666667 1.04504 0.990878
    880.67722222 1.01893 0.416401
    880.67777778 1.1386 3.04917
    880.67833333 1.05075 1.11654
    880.67888889 1.06053 1.33157
    880.67944444 0.997752 -0.0494663
    880.68000000 1.04598 1.01154
    880.68055556 0.949474 -1.11158
    880.68111111 1.03843 0.845496
    880.68166667 1.02883 0.634232
    880.68222222 1.01826 0.40178
    880.68277778 0.993489 -0.143249
    880.68333333 1.05384 1.18447
    880.68388889 1.08906 1.95922
    880.68444444 1.04072 0.895772
    880.68500000 1.10867 2.39071
    880.68555556 1.0863 1.89857
    880.68611111 0.971501 -0.626986
    880.68666667 0.976601 -0.514767
    880.68722222 1.0639 1.40589
    880.68777778 1.0347 0.763435
    880.68833333 0.987605 -0.272688
    880.68888889 1.12533 2.7573
    880.68944444 1.04812 1.05873
    880.69000000 1.05153 1.13355
    880.69055556 1.08827 1.94199
    880.69111111 1.13622 2.99673
    880.69166667 1.03982 0.876036
    880.69222222 0.997822 -0.0479255
    880.69277778 0.973708 -0.578426
    880.69333333 1.08239 1.81255
    880.69388889 1.03404 0.748984
    880.69444444 1.03689 0.811554
    880.69500000 1.0039 0.0858562
    880.69555556 1.01649 0.362871
    880.69611111 0.974355 -0.564194
    880.69666667 0.936044 -1.40704
    880.69722222 1.09365 2.06021
    880.69777778 1.04439 0.976624
    880.69833333 1.10404 2.28896
    880.69888889 0.994398 -0.123237
    880.69944444 1.00943 0.207548
    880.70000000 0.977016 -0.505642
    880.70055556 1.12203 2.68461
    880.70111111 1.13099 2.88173
    880.70166667 1.06024 1.32537
    880.70222222 1.07487 1.64707
    880.70277778 1.11549 2.54081
    880.70333333 0.937394 -1.37734
    880.70388889 0.970324 -0.652872
    880.70444444 1.03331 0.73284
    880.70500000 0.945299 -1.20343
    880.70555556 1.03513 0.772884
    880.70611111 1.09835 2.16369
    880.70666667 1.03752 0.825438
    880.70722222 0.983947 -0.353168
    880.70777778 1.04435 0.975614
    880.70833333 1.04711 1.03636
    880.70888889 1.06502 1.43036
    880.70944444 1.05836 1.28399
    880.71000000 1.02366 0.520437
    880.71055556 0.981895 -0.398313
    880.71111111 1.0132 0.290406
    880.71166667 1.02979 0.655305
    880.71222222 1.08727 1.91997
    880.71277778 0.990641 -0.205898
    880.71333333 1.0886 1.9491
    880.71388889 0.99287 -0.156854
    880.71444444 1.1083 2.38267
    880.71500000 0.943105 -1.2517
    880.71555556 1.06714 1.47715
    880.71611111 1.06806 1.49726
    880.71666667 1.02101 0.462184
    880.71722222 1.06378 1.40325
    880.71777778 1.00051 0.0112929
    880.71833333 0.938235 -1.35883
    880.71888889 1.07837 1.72424
    880.71944444 1.0921 2.0261
    880.72000000 1.04801 1.05613
    880.72055556 1.07486 1.64687
    880.72111111 0.998581 -0.0312287
    880.72166667 1.01903 0.418665
    880.72222222 1.04409 0.970002
    880.72277778 0.960738 -0.863761
    880.72333333 1.00115 0.0253029
    880.72388889 0.98718 -0.282048
    880.72444444 1.00022 0.00477576
    880.72500000 1.16746 3.68419
    880.72555556 1.03293 0.724468
    880.72611111 1.08372 1.8419
    880.72666667 1.11532 2.537
    880.72722222 1.04933 1.0852
    880.72777778 0.951983 -1.05637
    880.72833333 1.1105 2.43092
    880.72888889 1.17437 3.83609
    880.72944444 0.991777 -0.180902
    880.73000000 1.01898 0.417526
    880.73055556 1.00078 0.017199
    880.73111111 0.992 -0.175991
    880.73166667 1.06944 1.5277
    880.73222222 0.971202 -0.633554
    880.73277778 0.929165 -1.55837
    880.73333333 1.00263 0.0578809
    880.73388889 1.12381 2.72382
    880.73444444 1.03131 0.688856
    880.73500000 0.970599 -0.646818
    880.73555556 1.04128 0.908224
    880.73611111 1.02231 0.490797
    880.73666667 1.11952 2.62951
    880.73722222 0.965493 -0.759156
    880.73777778 1.00419 0.0921059
    880.73833333 0.958667 -0.909329
    880.73888889 0.988256 -0.258371
    880.73944444 1.11031 2.42682
    880.74000000 0.959469 -0.891675
    880.74055556 1.02696 0.593018
    880.74111111 0.963314 -0.807096
    880.74166667 1.08208 1.80569
    880.74222222 1.02573 0.56616
    880.74277778 1.05437 1.19617
    880.74333333 1.07189 1.58161
    880.74388889 1.03943 0.867544
    880.74444444 0.999237 -0.0167781
    880.74500000 0.942379 -1.26765
    880.74555556 1.02379 0.523401
    880.74611111 1.06087 1.33921
    880.74666667 1.03941 0.866944
    880.74722222 1.0332 0.730369
    880.74777778 0.994486 -0.121303
    880.74833333 0.913748 -1.89754
    880.74888889 1.02339 0.514576
    880.74944444 1.02431 0.534878
    880.75000000 1.05599 1.23186
    880.75055556 1.05463 1.20189
    880.75111111 1.05366 1.1805
    880.75166667 1.03637 0.800099
    880.75222222 1.07474 1.64419
    880.75277778 1.10521 2.31472
    880.75333333 1.10656 2.34439
    880.75388889 1.15981 3.5158
    880.75444444 1.0868 1.90964
    880.75500000 1.01996 0.439055
    880.75555556 0.967339 -0.718536
    880.75611111 1.0741 1.63024
    880.75666667 0.976163 -0.524404
    880.75722222 1.02729 0.600474
    880.75777778 0.98018 -0.436046
    880.75833333 1.00893 0.196543
    880.75888889 0.984587 -0.339083
    880.75944444 0.958705 -0.908499
    880.76000000 1.04117 0.905829
    880.76055556 1.11293 2.48444
    880.76111111 1.01853 0.407736
    880.76166667 1.00272 0.059937
    880.76222222 1.03538 0.778268
    880.76277778 1.00903 0.198654
    880.76333333 1.00501 0.110218
    880.76388889 1.10904 2.39885
    880.76444444 1.02347 0.516323
    880.76500000 1.07008 1.54167
    880.76555556 1.04777 1.0509
    880.76611111 1.03388 0.74546
    880.76666667 1.12827 2.8219
    880.76722222 1.01449 0.318728
    880.76777778 0.969865 -0.662972
    880.76833333 1.04354 0.957856
    880.76888889 1.03256 0.716257
    880.76944444 0.940505 -1.3089
    880.77000000 1.06345 1.39598
    880.77055556 1.01609 0.354075
    880.77111111 1.14633 3.21916
    880.77166667 1.05686 1.25101
    880.77222222 1.02905 0.639147
    880.77277778 1.02331 0.51274
    880.77333333 0.965692 -0.754776
    880.77388889 1.04358 0.958798
    880.77444444 1.05096 1.12108
    880.77500000 1.06494 1.42858
    880.77555556 1.09386 2.06484
    880.77611111 1.0022 0.0483267
    880.77666667 0.990092 -0.217976
    880.77722222 1.06903 1.5186
    880.77777778 0.973515 -0.582675
    880.77833333 1.02515 0.553343
    880.77888889 1.00302 0.066483
    880.77944444 1.04437 0.976039
    880.78000000 0.982036 -0.395207
    880.78055556 1.03948 0.868531
    880.78111111 1.02809 0.617951
    880.78166667 1.01367 0.300734
    880.78222222 1.01559 0.342945
    880.78277778 0.996121 -0.0853317
    880.78333333 0.983017 -0.373616
    880.78388889 1.02995 0.65888
    880.78444444 1.01783 0.392153
    880.78500000 1.00479 0.105402
    880.78555556 1.01978 0.435103
    880.78611111 1.10171 2.23757
    880.78666667 0.986529 -0.29637
    880.78722222 1.05317 1.16969
    880.78777778 1.08467 1.86282
    880.78833333 0.988994 -0.242124
    880.78888889 0.919104 -1.77971
    880.78944444 1.05417 1.19176
    880.79000000 1.1219 2.68186
    880.79055556 1.01111 0.244382
    880.79111111 1.07168 1.57704
    880.79166667 1.0557 1.22541
    880.79222222 1.07978 1.75527
    880.79277778 0.950441 -1.0903
    880.79333333 1.13498 2.9695
    880.79388889 1.0799 1.75777
    880.79444444 1.10067 2.21484
    880.79500000 1.07407 1.62949
    880.79555556 1.03742 0.823285
    880.79611111 0.948742 -1.12767
    880.79666667 1.06036 1.328
    880.79722222 0.981143 -0.414862
    880.79777778 1.05118 1.12604
    880.79833333 1.08157 1.79462
    880.79888889 1.05719 1.25828
    880.79944444 0.989933 -0.221472
    880.80000000 0.990719 -0.204183
    880.80055556 1.1074 2.36278
    880.80111111 1.06478 1.42508
    880.80166667 1.02626 0.577676
    880.80222222 1.04004 0.880857
    880.80277778 1.13222 2.90875
    880.80333333 1.00331 0.072814
    880.80388889 1.10739 2.36261
    880.80444444 1.04774 1.05026
    880.80500000 1.07038 1.54839
    880.80555556 0.961481 -0.847411
    880.80611111 1.02388 0.525297
    880.80666667 1.15708 3.45566
    880.80722222 1.06057 1.33244
    880.80777778 0.960257 -0.874346
    880.80833333 1.0811 1.7841
    880.80888889 0.994135 -0.129022
    880.80944444 0.968905 -0.68408
    880.81000000 1.08463 1.86179
    880.81055556 1.02984 0.65644
    880.81111111 0.997784 -0.0487411
    880.81166667 0.951313 -1.07111
    880.81222222 1.12844 2.82567
    880.81277778 0.985519 -0.318583
    880.81333333 1.04011 0.882478
    880.81388889 0.97166 -0.623486
    880.81444444 1.02897 0.637298
    880.81500000 1.07448 1.63848
    880.81555556 1.00841 0.184988
    880.81611111 1.08609 1.89398
    880.81666667 1.07651 1.68317
    880.81722222 1.07184 1.58041
    880.81777778 1.02856 0.628347
    880.81833333 1.11934 2.62541
    880.81888889 1.07277 1.60098
    880.81944444 1.08807 1.93753
    880.82000000 0.972652 -0.60166
    880.82055556 1.06361 1.39945
    880.82111111 1.03223 0.708997
    880.82166667 0.970405 -0.65108
    880.82222222 1.01247 0.274261
    880.82277778 1.04803 1.05671
    880.82333333 1.02667 0.586766
    880.82388889 1.01214 0.267159
    880.82444444 1.01321 0.290729
    880.82500000 1.02615 0.575381
    880.82555556 1.06917 1.52184
    880.82611111 0.995504 -0.0989037
    880.82666667 0.931436 -1.50841
    880.82722222 1.06656 1.46423
    880.82777778 1.02715 0.597372
    880.82833333 0.947863 -1.14701
    880.82888889 1.06077 1.33689
    880.82944444 1.02477 0.544964
    880.83000000 1.08369 1.84117
    880.83055556 1.06813 1.49875
    880.83111111 0.97412 -0.569354
    880.83166667 0.954344 -1.00443
    880.83222222 1.09134 2.00946
    880.83277778 1.0762 1.67632
    880.83333333 1.03305 0.726996
    880.83388889 1.08621 1.89651
    880.83444444 1.07605 1.6732
    880.83500000 1.0335 0.736996
    880.83555556 1.05628 1.23827
    880.83611111 1.00858 0.188751
    880.83666667 1.1044 2.29673
    880.83722222 1.01433 0.315182
    880.83777778 1.0063 0.138691
    880.83833333 1.03681 0.809881
    880.83888889 1.03669 0.807112
    880.83944444 1.1036 2.27912
    880.84000000 1.08835 1.94365
    880.84055556 0.979137 -0.458978
    880.84111111 1.00609 0.134031
    880.84166667 1.06444 1.41765
    880.84222222 0.978396 -0.475278
    880.84277778 0.945548 -1.19795
    880.84333333 1.01348 0.296593
    880.84388889 1.02141 0.470952
    880.84444444 1.00745 0.163949
    880.84500000 1.08196 1.80314
    880.84555556 1.06285 1.38263
    880.84611111 1.03181 0.699813
    880.84666667 1.01046 0.230186
    880.84722222 1.00463 0.101888
    880.84777778 0.929831 -1.54372
    880.84833333 1.06481 1.42583
    880.84888889 1.00018 0.00403881
    880.84944444 0.988895 -0.244302
    880.85000000 1.04728 1.04006
    880.85055556 1.1061 2.33426
    880.85111111 1.14423 3.17299
    880.85166667 0.981198 -0.413648
    880.85222222 1.08399 1.84767
    880.85277778 1.05233 1.15133
    880.85333333 1.12948 2.84861
    880.85388889 1.0786 1.72923
    880.85444444 1.11212 2.46666
    880.85500000 1.04785 1.0526
    880.85555556 1.0878 1.93167
    880.85611111 1.02738 0.60242
    880.85666667 1.0707 1.55534
    880.85722222 1.08734 1.92151
    880.85777778 0.948897 -1.12426
    880.85833333 1.00174 0.0381956
    880.85888889 1.01901 0.418114
    880.85944444 0.965354 -0.762219
    880.86000000 0.999472 -0.0116116
    880.86055556 0.999291 -0.0155874
    880.86111111 1.08511 1.87238
    880.86166667 0.952348 -1.04834
    880.86222222 1.04395 0.966799
    880.86277778 1.00967 0.21278
    880.86333333 0.9973 -0.0593954
    880.86388889 1.0152 0.334487
    880.86444444 0.98227 -0.390049
    880.86500000 1.04799 1.05583
    880.86555556 1.08171 1.79767
    880.86611111 1.08459 1.86098
    880.86666667 0.996865 -0.0689614
    880.86722222 1.05559 1.22297
    880.86777778 0.993449 -0.144112
    880.86833333 1.03917 0.861641
    880.86888889 0.987547 -0.273956
    880.86944444 1.07503 1.65059
    880.87000000 1.07427 1.63403
    880.87055556 1.00869 0.191282
    880.87111111 1.16158 3.55465
    880.87166667 1.05009 1.10191
    880.87222222 1.04775 1.05047
    880.87277778 1.13686 3.01083
    880.87333333 1.03312 0.728544
    880.87388889 1.06737 1.48221
    880.87444444 1.07986 1.75694
    880.87500000 1.0456 1.00321
    880.87555556 1.02396 0.527188
    880.87611111 1.14758 3.24666
    880.87666667 1.10258 2.25674
    880.87722222 0.981498 -0.407041
    880.87777778 1.04292 0.944193
    880.87833333 1.08414 1.85107
    880.87888889 0.972121 -0.613328
    880.87944444 0.99161 -0.184576
    880.88000000 1.05808 1.2777
    880.88055556 1.03015 0.663388
    880.88111111 0.965652 -0.755659
    880.88166667 1.03435 0.755774
    880.88222222 1.06031 1.32691
    880.88277778 0.988208 -0.259414
    880.88333333 1.00026 0.00576186
    880.88388889 0.984891 -0.332389
    880.88444444 0.996872 -0.0688211
    880.88500000 1.0404 0.888835
    880.88555556 0.996238 -0.0827628
    880.88611111 0.937166 -1.38236
    880.88666667 1.00109 0.0239234
    880.88722222 1.1013 2.22858
    880.88777778 1.03605 0.793146
    880.88833333 1.00203 0.0446498
    880.88888889 1.03687 0.81109
    880.88944444 1.07286 1.60292
    880.89000000 1.04858 1.06879
    880.89055556 1.0613 1.3486
    880.89111111 1.00193 0.0424259
    880.89166667 1.0665 1.46307
    880.89222222 1.12371 2.72156
    880.89277778 1.11152 2.45337
    880.89333333 1.05651 1.24328
    880.89388889 0.978581 -0.471215
    880.89444444 0.988714 -0.248287
    880.89500000 1.08028 1.76609
    880.89555556 1.11443 2.51744
    880.89611111 1.09398 2.06756
    880.89666667 1.05759 1.26708
    880.89722222 0.998696 -0.0286965
    880.89777778 1.06196 1.36313
    880.89833333 0.959335 -0.894633
    880.89888889 1.01184 0.260514
    880.89944444 1.00971 0.213585
    880.90000000 1.02026 0.445617
    880.90055556 0.911293 -1.95156
    880.90111111 0.955804 -0.972306
    880.90166667 0.958184 -0.919945
    880.90222222 0.947539 -1.15415
