4.10928 880.13000000
4.06702 880.46944444
3.98113 880.53944444
3.94798 880.41333333
3.93317 880.43611111
3.86171 880.61833333
3.83609 880.72888889
3.77855 880.64722222
3.68419 880.72500000
3.6286 880.06055556
3.57266 880.35055556
3.55465 880.87111111
3.52535 880.01833333
3.52113 880.48333333
3.5158 880.75388889
3.5148 880.23722222
3.50038 880.36777778
3.47177 880.38000000
3.46603 879.91444444
3.45566 880.80666667
3.39813 880.18611111
3.38406 880.33611111
3.30036 879.96777778
3.24666 880.87611111
3.23352 880.03777778
3.22606 880.60388889
3.21916 880.77111111
3.19541 880.65722222
3.17299 880.85111111
3.12595 880.45222222
3.07847 880.19111111
3.04917 880.67777778
3.01657 880.12055556
3.01083 880.87277778
3.00755 880.41500000
3.00287 880.38166667
2.99673 880.69111111
2.9803 880.05222222
2.97124 880.53555556
2.9695 880.79333333
2.95341 880.59166667
2.94674 880.25500000
2.93977 880.57222222
2.93334 880.20444444
2.93311 880.13444444
2.932 880.29222222
2.92366 880.13888889
2.90875 880.80277778
2.88173 880.70111111
2.87169 880.47555556
2.86742 880.66500000
2.855 880.18833333
2.84861 880.85333333
2.83316 880.29388889
2.82899 880.10611111
2.82567 880.81222222
2.82329 880.61777778
2.8219 880.76666667
2.78843 880.38722222
2.77824 880.22388889
2.7682 880.33888889
2.75905 879.93833333
2.7573 880.68888889
2.75255 880.58611111
2.72789 880.36666667
2.72382 880.73388889
2.72156 880.89222222
2.72072 880.14555556
2.71576 880.39944444
2.69418 880.21500000
2.6941 880.08055556
2.69313 880.66888889
2.68461 880.70055556
2.68315 880.26111111
2.68186 880.79000000
2.67582 880.42111111
2.67558 880.67444444
2.67223 880.66722222
2.66018 880.41611111
2.65934 880.33000000
2.6515 880.33444444
2.64293 880.63500000
2.64062 880.65611111
2.6385 880.00500000
2.6365 879.97888889
2.62951 880.73666667
2.62541 880.81833333
2.62188 880.59000000
2.61183 880.11611111
2.60771 880.01388889
2.60727 880.19722222
2.596 880.56222222
2.59498 880.58388889
2.58817 880.32833333
2.58598 879.94277778
2.57783 880.64500000
2.56984 880.49222222
2.56182 880.29277778
2.55238 880.49833333
2.54663 880.55777778
2.54652 880.50111111
2.54111 880.52055556
2.54081 880.70277778
2.537 880.72666667
2.53465 879.99833333
2.53382 880.56888889
2.53065 880.14777778
2.52317 880.18944444
2.51744 880.89555556
2.51255 880.64222222
2.51053 880.33222222
2.50743 880.48111111
2.50739 880.32166667
2.48965 880.50722222
2.48444 880.76055556
2.46693 880.41166667
2.46666 880.85444444
2.46635 880.63666667
2.46225 880.24555556
2.45729 880.64277778
2.45337 880.89277778
2.4512 880.47777778
2.45047 880.21611111
2.44782 880.07555556
2.43092 880.72833333
2.42811 880.06388889
2.42682 880.73944444
2.40614 880.28388889
2.40104 880.45611111
2.39885 880.76388889
2.39326 880.27722222
2.39071 880.68500000
2.38317 879.99388889
2.38267 880.71444444
2.36756 879.97500000
2.36278 880.80055556
2.36261 880.80388889
2.35719 880.50388889
2.34439 880.75333333
2.34423 879.90722222
2.33426 880.85055556
2.33405 879.96666667
2.33178 880.26555556
2.3286 880.19500000
2.3239 880.22277778
2.31537 879.94500000
2.31472 880.75277778
2.30878 879.94611111
2.2972 880.44166667
2.29673 880.83666667
2.29244 880.01611111
2.28896 880.69833333
2.28573 880.19888889
2.27912 880.83944444
2.26957 880.22722222
2.25704 880.66944444
2.25674 880.87666667
2.25388 880.64111111
2.24232 880.12944444
2.24133 880.26500000
2.23987 879.95166667
2.23757 880.78611111
2.23083 880.28611111
2.22858 880.88722222
2.21783 880.17555556
2.21506 879.90333333
2.21484 880.79444444
2.2142 880.49444444
2.21419 880.55611111
2.21334 880.61388889
2.20923 880.36500000
2.20907 880.33333333
2.2036 880.46277778
2.19745 880.39222222
2.18693 880.21166667
2.18673 879.99444444
2.18589 880.01888889
2.17561 880.54055556
2.17464 880.51000000
2.17209 880.34666667
2.16369 880.70611111
2.16222 880.46111111
2.15661 880.03222222
2.15573 880.05500000
2.14797 880.60000000
2.1386 879.97444444
2.13455 879.94388889
2.13392 880.44111111
2.13009 879.98833333
2.12983 880.56666667
2.12606 880.10944444
2.12264 880.57777778
2.12142 880.51444444
2.11735 880.07611111
2.11716 880.45444444
2.11267 880.17166667
2.11064 880.33555556
2.10948 880.39500000
2.10683 880.20000000
2.10665 880.02333333
2.10386 880.65055556
2.10135 880.20944444
2.10001 880.57444444
2.09807 880.24277778
2.09558 879.91666667
2.08787 880.33666667
2.08775 880.36722222
2.08226 880.23388889
2.07004 880.42000000
2.06843 880.31611111
2.06843 880.23777778
2.06756 880.89611111
2.06484 880.77555556
2.06128 880.35500000
2.06021 880.69722222
2.059 880.48500000
2.05756 880.53111111
2.05745 880.54666667
2.05587 880.11777778
2.05205 879.93166667
2.05091 880.67222222
2.04747 880.55333333
2.04725 880.27555556
2.04535 880.15000000
2.03756 879.99611111
2.03662 880.38611111
2.03475 880.42611111
2.03221 880.66055556
2.03065 880.53166667
2.02959 880.03388889
2.02721 880.14000000
2.0261 880.71944444
2.01226 880.04333333
2.00946 880.83222222
2.00706 880.43833333
1.98845 880.21055556
1.98596 880.00888889
1.9855 880.38111111
1.98543 880.00777778
1.98512 880.29333333
1.97797 879.91333333
1.97564 880.26000000
1.97139 879.95555556
1.97044 880.50444444
1.97031 880.03333333
1.96475 880.16166667
1.95922 880.68388889
1.95566 880.26222222
1.9491 880.71333333
1.94727 880.10777778
1.94401 880.64055556
1.94384 880.24222222
1.94365 880.84000000
1.94199 880.69055556
1.93985 880.20555556
1.93954 880.05611111
1.93807 880.63555556
1.93753 880.81944444
1.93544 880.16888889
1.9325 879.92833333
1.93226 880.04722222
1.93167 880.85555556
1.92151 880.85722222
1.91997 880.71222222
1.91388 880.38666667
1.91302 880.51166667
1.90964 880.75444444
1.90242 880.16333333
1.89901 879.99166667
1.89857 880.68555556
1.89719 880.01500000
1.89651 880.83388889
1.89398 880.81611111
1.88413 880.15055556
1.8829 880.08222222
1.87732 879.99055556
1.87718 880.39333333
1.87355 879.98277778
1.87238 880.86111111
1.87105 879.91222222
1.87047 880.57333333
1.86721 880.14944444
1.86695 880.48611111
1.86282 880.78777778
1.86179 880.81000000
1.86098 880.86611111
1.85571 880.61166667
1.85376 880.03166667
1.85107 880.87833333
1.84893 880.35944444
1.8487 880.55500000
1.84767 880.85222222
1.84725 879.97611111
1.84598 880.13055556
1.84577 880.40611111
1.84561 880.23833333
1.84503 880.31500000
1.84196 880.22111111
1.8419 880.72611111
1.84144 880.15722222
1.84117 880.83000000
1.83957 880.05833333
1.83348 880.42222222
1.82471 880.61222222
1.81896 880.51500000
1.81815 880.35444444
1.81255 880.69333333
1.81083 879.91833333
1.80569 880.74166667
1.80314 880.84500000
1.7983 880.53055556
1.79767 880.86555556
1.7962 880.13777778
1.79522 880.12166667
1.79462 880.79833333
1.78859 880.32333333
1.78692 879.93555556
1.78632 880.65277778
1.78608 880.21555556
1.78469 880.09777778
1.7841 880.80833333
1.78238 879.98777778
1.77894 880.28333333
1.77863 880.00666667
1.77211 880.52444444
1.76808 880.04444444
1.76727 880.56277778
1.76609 880.89500000
1.76403 879.91500000
1.76289 880.64388889
1.76214 880.41944444
1.75777 880.79388889
1.75694 880.87444444
1.75565 880.38055556
1.75527 880.79222222
1.75458 880.15666667
1.75011 880.62888889
1.74355 880.65833333
1.74345 880.55444444
1.7405 880.08277778
1.73967 880.31833333
1.73881 880.33722222
1.73813 880.57166667
1.7378 880.18444444
1.72923 880.85388889
1.72894 880.18666667
1.7282 879.92777778
1.72622 880.45722222
1.72424 880.71888889
1.71804 880.64666667
1.71502 880.14611111
1.71027 880.44000000
1.70837 880.38333333
1.70317 880.27666667
1.70111 880.19055556
1.69615 880.55055556
1.69328 880.49333333
1.69086 880.45666667
1.68726 880.58444444
1.68342 880.36277778
1.68317 880.81666667
1.68188 880.36222222
1.67632 880.83277778
1.67405 879.93611111
1.6732 880.83444444
1.67251 880.15222222
1.67246 880.31166667
1.67102 880.02277778
1.66513 880.41277778
1.65735 880.48166667
1.653 880.65000000
1.65059 880.86944444
1.64969 880.07888889
1.64707 880.70222222
1.64687 880.72055556
1.64539 880.11666667
1.64419 880.75222222
1.64316 880.54777778
1.64255 880.29722222
1.63848 880.81500000
1.63709 880.22222222
1.63639 880.09166667
1.63403 880.87000000
1.63226 880.50222222
1.63207 880.44833333
1.6316 880.06611111
1.63024 880.75611111
1.62949 880.79500000
1.62836 879.99000000
1.62596 880.01222222
1.61973 880.40000000
1.61616 880.10333333
1.61478 880.10444444
1.61067 880.30500000
1.60942 880.67000000
1.6084 880.31944444
1.60755 880.43055556
1.60732 879.97166667
1.60506 880.60111111
1.60292 880.88944444
1.60098 880.81888889
1.60065 880.34333333
1.59856 880.24500000
1.59754 880.58000000
1.59649 880.10222222
1.59214 880.54722222
1.58731 880.65333333
1.58305 880.18277778
1.58161 880.74333333
1.58041 880.81722222
1.58036 880.47166667
1.57762 880.55222222
1.57704 880.79111111
1.57649 880.48277778
1.5757 880.39888889
1.57279 880.14444444
1.57232 879.95055556
1.56847 880.26166667
1.5681 880.00333333
1.56752 880.25777778
1.56248 880.52500000
1.55717 880.23222222
1.55635 880.03444444
1.55534 880.85666667
1.55463 880.02444444
1.55413 880.23277778
1.55096 880.27611111
1.55028 880.14277778
1.54839 880.80500000
1.54215 879.98166667
1.54167 880.76500000
1.54134 880.08611111
1.53804 880.37666667
1.53601 880.62833333
1.5356 880.35833333
1.5309 880.43444444
1.52934 880.14388889
1.52855 879.91888889
1.52807 880.09888889
1.5277 880.73166667
1.52449 880.51666667
1.52385 880.19555556
1.52184 880.82555556
1.5186 880.77722222
1.50956 880.46333333
1.50799 880.40222222
1.50492 880.62611111
1.50284 879.95722222
1.50185 880.47833333
1.49957 880.19944444
1.49893 880.48666667
1.49875 880.83055556
1.49726 880.71611111
1.49455 880.67611111
1.4934 880.56611111
1.48933 880.35777778
1.48524 880.06777778
1.48511 879.97555556
1.48221 880.87388889
1.47953 880.19333333
1.4776 880.58333333
1.47715 880.71555556
1.47618 880.27388889
1.47478 880.05888889
1.47375 880.63222222
1.47111 880.66166667
1.47024 880.35277778
1.46574 880.39388889
1.46423 880.82722222
1.46307 880.89166667
1.46273 880.55888889
1.46124 880.43777778
1.46065 880.54944444
1.45866 880.02055556
1.45323 880.54111111
1.45304 880.12388889
1.4529 880.16000000
1.44973 880.20111111
1.44808 880.22777778
1.44741 880.31722222
1.44319 880.54500000
1.44007 879.94000000
1.43879 880.09055556
1.43721 879.95333333
1.43574 880.17611111
1.43047 880.65888889
1.43036 880.70888889
1.42924 880.64555556
1.42858 880.77500000
1.42659 880.59722222
1.42583 880.84833333
1.42508 880.80111111
1.41765 880.84166667
1.41753 880.03944444
1.41664 880.19444444
1.41197 880.30111111
1.41126 880.20666667
1.41104 880.38500000
1.41052 880.09500000
1.40926 880.49888889
1.40782 879.94222222
1.40699 880.05777778
1.40684 879.98388889
1.40589 880.68722222
1.40467 880.16444444
1.40438 880.35722222
1.40422 880.15833333
1.40325 880.71722222
1.39967 880.42555556
1.39945 880.82055556
1.39944 880.05388889
1.39621 880.35555556
1.39598 880.77000000
1.39058 880.49777778
1.38974 880.14666667
1.38405 879.95444444
1.38393 880.58055556
1.38263 880.84555556
1.38008 880.02944444
1.37989 880.16944444
1.37577 880.17111111
1.37462 880.03833333
1.37458 880.21444444
1.36905 880.39666667
1.36313 880.89777778
1.3629 879.94944444
1.36168 880.66833333
1.35975 879.97277778
1.35888 880.27222222
1.35425 880.11388889
1.35371 880.42944444
1.3526 880.32222222
1.35197 880.47111111
1.34965 880.37888889
1.34943 880.43333333
1.3486 880.89055556
1.34353 880.24722222
1.34351 880.36444444
1.33949 880.36555556
1.33921 880.74611111
1.33815 879.95888889
1.33769 880.44611111
1.33715 880.20388889
1.33689 880.82888889
1.33493 880.32444444
1.33398 880.11944444
1.33386 880.29555556
1.33244 880.80722222
1.33157 880.67888889
1.32832 880.63166667
1.328 880.79666667
1.32691 880.88222222
1.32629 880.34777778
1.32537 880.70166667
1.32507 880.22055556
1.32472 880.33277778
1.32191 880.11166667
1.31659 880.59222222
1.30993 880.34833333
1.30016 880.55944444
1.29987 880.43222222
1.29785 880.31888889
1.29569 880.29888889
1.2929 879.97388889
1.28961 880.28111111
1.28399 880.70944444
1.28276 880.07722222
1.28253 880.52944444
1.28023 880.21277778
1.2777 880.88000000
1.2752 879.95944444
1.27447 880.12333333
1.27422 880.24777778
1.27374 880.03888889
1.27322 879.91111111
1.26944 880.50277778
1.26895 880.28000000
1.26719 880.33500000
1.26708 880.89666667
1.26705 880.55555556
1.26609 880.57555556
1.25866 879.98111111
1.25828 880.79888889
1.25474 880.51333333
1.25436 880.64166667
1.25407 880.14500000
1.25101 880.77166667
1.24402 880.01111111
1.24328 880.89333333
1.24102 880.22500000
1.24066 880.06888889
1.23939 880.50055556
1.23827 880.83555556
1.23438 879.94555556
1.23342 880.03000000
1.23298 880.15333333
1.23212 880.25222222
1.23188 880.37222222
1.23186 880.75000000
1.23039 880.04944444
1.22541 880.79166667
1.22364 880.39555556
1.22297 880.86722222
1.21916 880.34277778
1.2176 880.23333333
1.2157 880.05000000
1.21191 880.41222222
1.21182 880.11333333
1.20369 879.97666667
1.2036 880.17444444
1.20189 880.75055556
1.20016 880.03111111
1.19973 880.18500000
1.19946 880.58555556
1.19617 880.74277778
1.19595 880.03666667
1.19506 880.57055556
1.1948 880.38277778
1.19406 880.32888889
1.19278 880.04666667
1.19176 880.78944444
1.19165 880.38388889
1.19102 879.97722222
1.19006 880.65111111
1.18924 880.27277778
1.1875 880.41833333
1.18447 880.68333333
1.18171 880.16777778
1.1805 880.75111111
1.17908 880.56000000
1.17849 880.42388889
1.1771 880.17944444
1.17682 879.93000000
1.17677 880.38222222
1.17557 880.45055556
1.17545 880.63888889
1.17288 880.03722222
1.17059 880.35666667
1.16969 880.78722222
1.16779 880.48833333
1.16632 880.60222222
1.16475 880.46611111
1.1647 880.49055556
1.16313 880.44055556
1.16292 880.62555556
1.16228 880.31000000
1.15955 880.41055556
1.15905 879.90222222
1.15868 880.05055556
1.15749 880.33388889
1.15728 880.62500000
1.15448 880.15888889
1.15196 880.26833333
1.15133 880.85277778
1.15048 879.95000000
1.14916 880.32000000
1.14837 880.19166667
1.14663 879.90666667
1.14391 880.48722222
1.14383 880.46388889
1.14322 880.23555556
1.14085 880.43666667
1.13748 880.49555556
1.13355 880.69000000
1.13127 880.40333333
1.13108 879.91000000
1.12604 880.79777778
1.12349 880.23055556
1.12148 880.25611111
1.12113 880.61055556
1.12108 880.77444444
1.11959 880.47222222
1.11944 880.26888889
1.11905 880.27444444
1.11654 880.67833333
1.1146 880.34722222
1.11399 880.06277778
1.11386 880.27888889
1.11246 880.48777778
1.11132 880.65388889
1.1047 880.62111111
1.10191 880.87166667
1.09885 880.11833333
1.09542 880.43000000
1.0878 880.58277778
1.08612 880.60777778
1.08601 880.13388889
1.08593 880.03611111
1.0852 880.72722222
1.08299 880.57500000
1.08181 880.59277778
1.08134 880.21722222
1.07836 880.00388889
1.07831 880.63000000
1.07731 880.22944444
1.07647 880.32777778
1.07604 880.00166667
1.07317 880.21944444
1.07253 879.93666667
1.06974 880.06944444
1.06879 880.89000000
1.0664 879.92500000
1.0633 880.31777778
1.05931 879.99888889
1.05873 880.68944444
1.0576 880.43722222
1.05671 880.82277778
1.05613 880.72000000
1.05583 880.86500000
1.05557 880.12555556
1.05309 880.08777778
1.0526 880.85500000
1.0516 880.46555556
1.0509 880.76555556
1.05047 880.87222222
1.05026 880.80444444
1.04576 879.96277778
1.0448 880.37833333
1.04385 880.54388889
1.04006 880.85000000
1.03636 880.70833333
1.03556 879.90277778
1.0329 880.53388889
1.03115 880.22444444
1.02894 880.21888889
1.02518 880.40777778
1.02473 879.96833333
1.02256 880.30611111
1.02208 880.43555556
1.02159 879.99666667
1.01984 880.36111111
1.0175 879.95777778
1.01704 880.54611111
1.01154 880.68000000
1.01092 879.93277778
1.01048 879.95111111
1.00862 880.54222222
1.00798 879.95500000
1.00321 880.87500000
1.00099 880.30777778
1.00086 880.45388889
1.00049 880.42500000
0.997324 880.58722222
0.993702 880.63277778
0.992084 880.63833333
0.991895 880.17722222
0.990878 880.67666667
0.989362 880.43500000
0.987203 880.52388889
0.987015 880.31277778
0.979393 880.27111111
0.977555 880.07833333
0.976763 880.65166667
0.976624 880.69777778
0.976039 880.77944444
0.975614 880.70777778
0.970002 880.72222222
0.96831 880.51388889
0.967138 880.29000000
0.967083 880.17388889
0.966799 880.86222222
0.958798 880.77388889
0.958405 880.59555556
0.957856 880.76833333
0.955113 880.13111111
0.953597 880.56555556
0.951528 880.23166667
0.945735 880.00277778
0.944193 880.87777778
0.9435 879.98888889
0.943343 880.01277778
0.943146 880.58500000
0.942401 880.56166667
0.942095 880.59611111
0.941221 880.25055556
0.934227 880.62222222
0.934041 880.38555556
0.928444 880.30222222
0.928064 880.56055556
0.92607 880.47277778
0.925402 880.44888889
0.922596 880.13222222
0.916571 879.90777778
0.913443 880.34944444
0.908651 880.04833333
0.908457 879.96166667
0.908224 880.73555556
0.907613 880.36000000
0.905829 880.76000000
0.90568 880.30944444
0.902407 880.21000000
0.900101 880.48888889
0.900078 880.56388889
0.899839 880.36833333
0.898551 880.26055556
0.895772 880.68444444
0.895494 880.42055556
0.89323 880.59500000
0.89286 880.43388889
0.891413 880.51611111
0.891072 880.52111111
0.88991 880.47666667
0.888898 880.30055556
0.888835 880.88500000
0.88579 880.29666667
0.885585 880.60611111
0.883275 880.17333333
0.882478 880.81333333
0.880857 880.80222222
0.879989 880.34111111
0.879939 880.25833333
0.878549 880.14333333
0.877599 880.18222222
0.876036 880.69166667
0.86922 880.40111111
0.868596 879.91555556
0.868531 880.78055556
0.867544 880.74388889
0.866944 880.74666667
0.866802 880.15500000
0.866629 880.53333333
0.86398 880.25888889
0.863466 880.49166667
0.862391 879.93388889
0.861641 880.86833333
0.861022 880.06000000
0.857481 880.18388889
0.849071 880.52833333
0.848843 880.38777778
0.847841 879.95611111
0.846063 879.96000000
0.845688 880.27833333
0.845496 880.68111111
0.844681 880.51055556
0.843941 879.95833333
0.843889 880.13277778
0.843794 880.29166667
0.842832 880.32722222
0.841814 880.51111111
0.841274 879.96611111
0.835441 880.52888889
0.830492 880.44555556
0.828413 880.45166667
0.825438 880.70666667
0.824938 880.29444444
0.824083 880.13500000
0.823285 880.79555556
0.82006 880.13333333
0.820033 880.61111111
0.818722 880.11722222
0.817392 880.13722222
0.81611 880.56833333
0.813561 880.57000000
0.81284 880.27000000
0.812582 879.90555556
0.812063 880.52166667
0.811554 880.69444444
0.811195 880.09444444
0.81109 880.88888889
0.809881 880.83833333
0.80858 879.92888889
0.807112 880.83888889
0.806967 880.16055556
0.80188 880.26722222
0.800854 879.97111111
0.800099 880.75166667
0.79964 880.30000000
0.799155 880.18777778
0.79777 880.47055556
0.797072 880.04000000
0.795082 880.06666667
0.793146 880.88777778
0.792299 880.55666667
0.791707 880.24166667
0.78493 880.07277778
0.783563 880.25444444
0.783498 880.45333333
0.781922 880.20722222
0.781523 880.36333333
0.778384 880.09611111
0.778268 880.76222222
0.778066 880.62388889
0.777715 880.51222222
0.775027 880.24111111
0.773508 880.16611111
0.772884 880.70555556
0.772444 880.33777778
0.772362 879.98500000
0.772016 880.39722222
0.771169 880.54444444
0.768908 880.30888889
0.768872 880.29055556
0.763862 880.47444444
0.763435 880.68777778
0.759643 880.65444444
0.758292 879.92055556
0.755774 880.88166667
0.752842 880.46722222
0.752727 879.97833333
0.750109 880.32388889
0.749661 880.31666667
0.748984 880.69388889
0.747602 879.98333333
0.74546 880.76611111
0.7429 880.20333333
0.74104 879.90388889
0.739968 880.17666667
0.737555 879.99500000
0.73717 880.33944444
0.736996 880.83500000
0.73696 880.06111111
0.736435 880.67111111
0.735604 880.08388889
0.73284 880.70444444
0.731762 880.38444444
0.730369 880.74722222
0.728544 880.87333333
0.728059 880.40555556
0.726996 880.83333333
0.724468 880.72555556
0.72253 880.44666667
0.722449 880.04888889
0.720474 880.30833333
0.71889 880.01444444
0.718334 880.50500000
0.716257 880.76888889
0.71477 880.26611111
0.713944 880.53611111
0.713529 880.33111111
0.712247 880.26777778
0.710015 880.49000000
0.709614 880.47388889
0.708997 880.82111111
0.70862 880.54277778
0.707138 880.50833333
0.705606 880.15944444
0.705593 880.15777778
0.704324 880.07388889
0.699826 880.44222222
0.699813 880.84611111
0.699588 880.02111111
0.699365 880.45833333
0.694119 880.36388889
0.689915 880.41666667
0.68931 880.59444444
0.688856 880.73444444
0.686538 880.23500000
0.683186 880.15444444
0.682858 880.13555556
0.682486 879.90611111
0.681195 879.97333333
0.680335 880.27055556
0.67622 880.63111111
0.672512 879.98055556
0.669173 879.92944444
0.667626 879.99333333
0.666225 880.10277778
0.664169 880.02888889
0.663388 880.88055556
0.65888 880.78388889
0.65644 880.81055556
0.655305 880.71166667
0.654618 880.53722222
0.653952 880.36888889
0.64755 880.58888889
0.644773 880.29500000
0.639658 880.45944444
0.639147 880.77222222
0.637298 880.81444444
0.636021 880.25666667
0.634232 880.68166667
0.631329 880.55277778
0.630902 880.00000000
0.628347 880.81777778
0.628268 880.59111111
0.627584 880.40388889
0.624699 879.96111111
0.624676 880.56500000
0.624673 880.20777778
0.62466 880.38944444
0.624335 880.04111111
0.620946 880.26666667
0.619944 880.61333333
0.619698 880.31222222
0.619037 880.02722222
0.617951 880.78111111
0.614778 879.94888889
0.608638 880.34611111
0.605662 880.50611111
0.605347 880.52277778
0.604796 880.30166667
0.603346 880.15277778
0.60242 880.85611111
0.602394 880.12666667
0.600474 880.75722222
0.599134 880.18055556
0.597372 880.82777778
0.59488 880.05277778
0.594565 880.19000000
0.593792 880.63777778
0.593695 880.61944444
0.593464 879.94722222
0.593018 880.74055556
0.593013 880.45277778
0.590658 880.08166667
0.587804 880.53444444
0.586766 880.82333333
0.586616 880.00444444
0.584681 880.08111111
0.584426 880.45888889
0.583015 880.16833333
0.579939 880.61000000
0.577676 880.80166667
0.577335 880.17055556
0.575381 880.82500000
0.574293 879.95666667
0.566944 880.34055556
0.566816 880.21388889
0.566776 880.28722222
0.56616 880.74222222
0.562884 880.55166667
0.561075 880.23444444
0.559013 880.45555556
0.559 880.04277778
0.555009 880.66222222
0.553343 880.77833333
0.552711 879.93111111
0.552111 880.00222222
0.551822 879.94333333
0.547379 880.47000000
0.544964 880.82944444
0.54424 880.60333333
0.540099 880.49500000
0.539344 880.57666667
0.537652 880.60833333
0.536834 880.11222222
0.535562 880.36166667
0.535316 880.51833333
0.534878 880.74944444
0.534036 880.54555556
0.528035 880.63944444
0.527188 880.87555556
0.525586 880.39277778
0.525302 879.92222222
0.525297 880.80611111
0.52498 880.40722222
0.523401 880.74555556
0.523236 879.94777778
0.522504 880.02222222
0.520437 880.71000000
0.517057 880.44333333
0.516323 880.76444444
0.514576 880.74888889
0.51274 880.77277778
0.512507 880.64944444
0.50873 880.09555556
0.508693 880.01722222
0.507818 880.28833333
0.507566 879.96888889
0.507332 880.31111111
0.506108 880.31555556
0.502339 880.53777778
0.50231 880.20888889
0.500949 880.19611111
0.498308 880.11277778
0.498127 880.55000000
0.497844 880.50555556
0.495751 880.24611111
0.494563 880.66777778
0.494017 880.53222222
0.493073 880.20611111
0.491109 880.39833333
0.490797 880.73611111
0.487262 880.22000000
0.485426 880.24055556
0.484204 880.67166667
0.478471 880.35111111
0.473267 880.52666667
0.471256 880.46000000
0.471033 880.01944444
0.470952 880.84388889
0.470196 880.42277778
0.469221 880.51277778
0.46845 880.65944444
0.466635 880.51777778
0.466598 880.48388889
0.465127 880.27944444
0.46391 880.27166667
0.462184 880.71666667
0.462079 880.28222222
0.461214 880.64333333
0.459653 879.99555556
0.454775 880.05555556
0.454545 880.46222222
0.452727 880.12500000
0.451856 880.09722222
0.451557 880.39055556
0.447188 880.18111111
0.446548 880.16722222
0.445617 880.90000000
0.443582 880.18000000
0.443574 880.06555556
0.443176 880.67500000
0.442995 880.55833333
0.44237 880.05666667
0.441453 880.08444444
0.439055 880.75500000
0.437574 880.35000000
0.437015 880.47722222
0.435893 880.10500000
0.435103 880.78555556
0.427909 879.93222222
0.425654 880.09833333
0.425069 880.17000000
0.424277 880.66555556
0.421691 880.21777778
0.418665 880.72166667
0.418114 880.85888889
0.417526 880.73000000
0.416401 880.67722222
0.41194 880.35611111
0.409491 880.56333333
0.407736 880.76111111
0.405145 880.26944444
0.402575 880.61611111
0.40178 880.68222222
0.401237 880.66666667
0.400632 880.37055556
0.399719 880.04222222
0.395838 880.51888889
0.395696 880.11444444
0.392153 880.78444444
0.391458 879.93777778
0.388552 880.20055556
0.388046 880.47944444
0.387406 880.02777778
0.381822 880.02388889
0.380702 880.23611111
0.379504 879.94666667
0.378754 880.62666667
0.374306 880.14222222
0.371825 880.50777778
0.367959 880.16277778
0.367154 880.55111111
0.366797 880.16666667
0.366373 880.61722222
0.365108 880.44722222
0.364671 879.97000000
0.362871 880.69555556
0.362439 880.62277778
0.362048 880.19833333
0.361584 879.91277778
0.361036 879.92611111
0.360577 880.09333333
0.357831 880.09388889
0.356247 880.56444444
0.35531 880.28777778
0.354768 880.09111111
0.35445 880.64611111
0.354075 880.77055556
0.3529 880.15166667
0.349588 880.09277778
0.34391 880.56944444
0.343336 879.92166667
0.34321 880.67333333
0.342945 880.78222222
0.33937 880.13166667
0.339273 880.24388889
0.338728 880.08666667
0.338308 880.11500000
0.337878 880.10666667
0.337506 880.37333333
0.334487 880.86388889
0.334316 880.16111111
0.329798 880.29833333
0.325148 880.31444444
0.322082 880.37500000
0.320501 880.19277778
0.318728 880.76722222
0.315182 880.83722222
0.314138 880.09666667
0.311872 880.15555556
0.308395 880.59666667
0.30754 880.53277778
0.306037 880.14833333
0.304217 880.35333333
0.304044 880.45111111
0.300734 880.78166667
0.297241 880.01000000
0.296593 880.84333333
0.292919 880.57833333
0.290729 880.82444444
0.290406 880.71111111
0.289299 880.19777778
0.288584 880.10166667
0.287272 880.14722222
0.286336 880.42166667
0.284319 880.28277778
0.274448 880.61500000
0.274261 880.82222222
0.274109 880.40166667
0.270409 880.35888889
0.26963 880.50333333
0.267159 880.82388889
0.263865 880.58111111
0.263816 880.67055556
0.261345 880.35166667
0.260514 880.89888889
0.250503 880.61555556
0.247936 880.50888889
0.245599 880.18333333
0.244406 880.50944444
0.244382 880.79055556
0.238182 880.60944444
0.237306 880.58944444
0.235612 880.45000000
0.235075 880.57888889
0.232877 880.67277778
0.231398 880.37388889
0.231266 879.92333333
0.230294 880.31388889
0.230186 880.84666667
0.230036 880.39444444
0.222476 880.11888889
0.218109 880.47888889
0.218004 880.62722222
0.2139 880.26388889
0.213585 880.89944444
0.21278 880.86277778
0.207952 880.06722222
0.207548 880.69944444
0.203797 880.37777778
0.200718 880.41111111
0.200613 880.62944444
0.200448 880.10555556
0.200092 879.92666667
0.198654 880.76277778
0.198306 880.35222222
0.196543 880.75833333
0.191547 879.93888889
0.191282 880.87055556
0.188751 880.83611111
0.184988 880.81555556
0.182853 880.02500000
0.180079 880.41555556
0.175329 879.99777778
0.17487 879.91611111
0.172386 880.12833333
0.171917 880.43166667
0.170703 880.66333333
0.167975 880.31333333
0.165937 880.62055556
0.163949 880.84444444
0.161461 880.01666667
0.160558 880.12444444
0.158783 880.37944444
0.157755 879.95388889
0.155122 880.58222222
0.154057 880.56722222
0.149803 880.04055556
0.14882 880.60444444
0.147797 880.26277778
0.147758 879.90833333
0.145329 880.59388889
0.143491 880.44388889
0.140577 880.39777778
0.140561 880.44944444
0.139751 880.19666667
0.139127 880.23666667
0.138691 880.83777778
0.134031 880.84111111
0.132803 880.15111111
0.132321 880.27777778
0.130149 880.53000000
0.125342 879.98555556
0.123564 880.30666667
0.123241 880.54833333
0.120834 880.40444444
0.114272 879.98611111
0.113716 880.54166667
0.110218 880.76333333
0.105402 880.78500000
0.101888 880.84722222
0.100003 880.22333333
0.0966954 880.34166667
0.0946786 880.05444444
0.0923288 880.37166667
0.0921059 880.73777778
0.0916102 880.33833333
0.0914109 880.11000000
0.0910411 880.46055556
0.090632 880.58833333
0.087018 879.96055556
0.0858562 880.69500000
0.0838211 880.57611111
0.0814424 880.25555556
0.0796301 880.45500000
0.0767322 880.07777778
0.0748439 880.46777778
0.0734801 880.17777778
0.072814 880.80333333
0.0700576 880.60166667
0.066483 880.77888889
0.059937 880.76166667
0.0578809 880.73333333
0.0547836 880.25277778
0.052793 880.37111111
0.0491371 880.21833333
0.0483267 880.77611111
0.0446498 880.88833333
0.0424259 880.89111111
0.0404825 880.42888889
0.0381956 880.85833333
0.0339444 880.42666667
0.0315814 880.10722222
0.0283556 880.30388889
0.0281956 880.28444444
0.0255468 880.08833333
0.0253029 880.72333333
0.0239234 880.88666667
0.0237031 880.27333333
0.0215027 879.93444444
0.0212877 879.98722222
0.020931 880.18166667
0.0184212 880.06333333
0.017199 880.73055556
0.0112929 880.71777778
0.0111434 880.03277778
0.0102308 880.36055556
0.0101364 880.21111111
0.00977445 879.95222222
0.00894833 880.53500000
0.00576186 880.88333333
0.00477576 880.72444444
0.00403881 880.84888889
0.00327563 879.92555556
0.00320745 880.40666667
0.0029583 880.49666667
-0.00195909 880.19222222
-0.0061605 880.51722222
-0.00671256 880.07444444
-0.00750852 879.90166667
-0.0105743 880.63722222
-0.0116116 880.86000000
-0.0155874 880.86055556
-0.0165617 880.37277778
-0.0167781 880.74444444
-0.0195935 880.24833333
-0.0210503 880.17833333
-0.0222108 880.07500000
-0.0269171 880.12111111
-0.0271256 879.91166667
-0.0286965 880.89722222
-0.029301 880.11055556
-0.029465 880.01555556
-0.0312287 880.72111111
-0.0339181 880.29777778
-0.0366863 880.32055556
-0.037877 880.42722222
-0.0388985 880.15611111
-0.0391214 880.43888889
-0.041007 880.59777778
-0.0434093 880.07000000
-0.0444964 880.20500000
-0.0446931 879.96333333
-0.0479255 880.69222222
-0.0487411 880.81111111
-0.0494663 880.67944444
-0.051007 880.33055556
-0.0512995 879.99222222
-0.0543102 880.32555556
-0.0581641 880.30722222
-0.0589103 880.27500000
-0.0589561 880.28166667
-0.0593954 880.86333333
-0.0607238 880.52222222
-0.0623406 879.96722222
-0.0632716 880.47611111
-0.0638381 880.48944444
-0.0661998 880.03500000
-0.0688211 880.88444444
-0.0689614 880.86666667
-0.0743967 880.46166667
-0.0751284 880.40888889
-0.0760608 880.25722222
-0.0770442 880.25000000
-0.0788329 880.62444444
-0.07944 880.01777778
-0.0821216 879.96444444
-0.0827445 880.14055556
-0.0827628 880.88555556
-0.0830867 880.29611111
-0.0836493 880.16388889
-0.0847298 880.58777778
-0.0853317 880.78277778
-0.0873013 880.60666667
-0.0909899 880.49944444
-0.0927799 880.28555556
-0.0938342 880.00111111
-0.0989037 880.82611111
-0.102136 880.02611111
-0.102383 880.49611111
-0.102739 880.00722222
-0.104511 880.39000000
-0.107948 879.92000000
-0.110687 879.97222222
-0.111263 880.57111111
-0.114879 879.98944444
-0.115642 880.06444444
-0.121303 880.74777778
-0.123237 880.69888889
-0.124761 879.92722222
-0.127946 880.61666667
-0.129022 880.80888889
-0.129276 880.14166667
-0.13003 880.60277778
-0.131311 880.01166667
-0.134036 879.96555556
-0.135867 880.46666667
-0.13647 880.51944444
-0.138076 880.15388889
-0.140684 880.60888889
-0.141771 880.57388889
-0.143249 880.68277778
-0.144112 880.86777778
-0.145094 880.10055556
-0.145242 880.58666667
-0.147177 880.64888889
-0.151842 880.08333333
-0.152406 880.24944444
-0.152802 879.93333333
-0.153411 879.90944444
-0.155206 880.34000000
-0.156854 880.71388889
-0.157607 880.07222222
-0.160555 880.22166667
-0.168715 880.07944444
-0.170717 880.65777778
-0.175991 880.73111111
-0.180454 880.04388889
-0.180902 880.72944444
-0.184576 880.87944444
-0.185983 880.03055556
-0.187786 880.63055556
-0.191723 879.96388889
-0.193612 880.06166667
-0.197697 880.54000000
-0.198176 880.64444444
-0.198203 880.39611111
-0.20153 880.41000000
-0.202895 880.50166667
-0.202912 880.63444444
-0.204138 880.51555556
-0.204183 880.80000000
-0.205898 880.71277778
-0.207005 880.67555556
-0.209819 880.06833333
-0.21551 879.93722222
-0.217976 880.77666667
-0.221472 880.79944444
-0.227781 880.48444444
-0.242124 880.78833333
-0.242952 880.05944444
-0.24322 879.94833333
-0.243521 880.19388889
-0.243997 880.32944444
-0.244035 880.25166667
-0.244302 880.84944444
-0.246373 880.65555556
-0.248287 880.89444444
-0.248829 880.57722222
-0.250385 880.00611111
-0.254475 879.98666667
-0.257936 880.60055556
-0.258371 880.73888889
-0.258421 880.41388889
-0.259414 880.88277778
-0.265341 880.08500000
-0.266117 880.59944444
-0.266918 880.37000000
-0.26856 880.37555556
-0.271066 880.66611111
-0.271217 880.64833333
-0.272688 880.68833333
-0.273956 880.86888889
-0.275979 880.08722222
-0.282048 880.72388889
-0.288484 880.17222222
-0.291455 880.18555556
-0.292146 880.44500000
-0.29637 880.78666667
-0.299837 880.62777778
-0.300089 880.08000000
-0.300321 880.47500000
-0.307481 880.23000000
-0.313801 880.28666667
-0.313974 880.04611111
-0.315965 880.64777778
-0.317473 880.11555556
-0.318132 880.06500000
-0.318583 880.81277778
-0.319695 879.92111111
-0.321158 880.62000000
-0.322312 880.31055556
-0.324928 880.32500000
-0.328447 880.08555556
-0.332389 880.88388889
-0.339083 880.75888889
-0.339813 880.53666667
-0.34377 880.23944444
-0.347866 880.24666667
-0.353168 880.70722222
-0.355215 880.46888889
-0.358699 880.25111111
-0.367061 879.93500000
-0.371009 880.12888889
-0.373397 880.59055556
-0.373616 880.78333333
-0.374272 880.10000000
-0.381363 880.14111111
-0.38742 880.58166667
-0.389121 879.90888889
-0.389819 880.12611111
-0.390049 880.86444444
-0.390171 880.41777778
-0.390537 880.55388889
-0.394899 879.96944444
-0.395207 880.78000000
-0.397503 880.02166667
-0.398313 880.71055556
-0.398737 880.66277778
-0.403013 880.48000000
-0.407041 880.87722222
-0.409865 879.95277778
-0.410688 880.52777778
-0.412659 880.09944444
-0.413648 880.85166667
-0.414862 880.79722222
-0.422044 879.97777778
-0.423156 880.02000000
-0.423413 880.22611111
-0.425225 880.60555556
-0.433438 880.25388889
-0.434631 880.49388889
-0.436046 880.75777778
-0.441571 880.26444444
-0.445462 880.06222222
-0.452452 880.11111111
-0.45463 880.07333333
-0.455085 880.16555556
-0.458978 880.84055556
-0.46166 879.91055556
-0.462338 880.22666667
-0.46412 880.04777778
-0.466161 879.91388889
-0.46788 880.64000000
-0.471215 880.89388889
-0.475278 880.84222222
-0.482134 880.46500000
-0.48643 880.35388889
-0.490281 880.61277778
-0.490919 880.50000000
-0.492494 880.53833333
-0.49966 880.40944444
-0.499854 880.01333333
-0.501026 880.16500000
-0.505642 880.70000000
-0.506167 880.55722222
-0.510399 880.28944444
-0.514767 880.68666667
-0.520881 880.46444444
-0.524179 880.29944444
-0.524404 880.75666667
-0.526772 880.65222222
-0.529139 880.00833333
-0.532216 880.04500000
-0.534286 880.40500000
-0.537155 880.63388889
-0.543952 879.91944444
-0.547757 880.56111111
-0.551026 880.04555556
-0.552356 880.38888889
-0.558581 880.59888889
-0.560975 880.39111111
-0.563463 880.63333333
-0.563645 880.48555556
-0.564194 880.69611111
-0.566406 880.46833333
-0.567267 880.40833333
-0.567492 880.14888889
-0.569354 880.83111111
-0.573309 880.00944444
-0.576163 880.54888889
-0.576262 880.54333333
-0.578426 880.69277778
-0.582175 880.13611111
-0.582675 880.77777778
-0.583022 880.20277778
-0.584092 879.97055556
-0.589559 880.62333333
-0.591703 880.62166667
-0.592099 880.52611111
-0.600681 880.57944444
-0.60166 880.82000000
-0.608499 880.41888889
-0.609084 880.24000000
-0.609446 879.90500000
-0.610291 880.01055556
-0.612275 880.42444444
-0.613328 880.87888889
-0.619628 880.24333333
-0.623486 880.81388889
-0.625075 879.99944444
-0.626716 880.07666667
-0.626986 880.68611111
-0.631569 879.90444444
-0.633554 880.73222222
-0.640744 880.13666667
-0.64189 880.24444444
-0.644391 880.12777778
-0.646818 880.73500000
-0.647532 880.02666667
-0.65108 880.82166667
-0.652872 880.70388889
-0.654543 880.61888889
-0.66218 880.34388889
-0.662972 880.76777778
-0.67129 880.42833333
-0.676059 880.25944444
-0.677256 880.30444444
-0.679918 879.92277778
-0.68408 880.80944444
-0.68598 880.50666667
-0.687684 880.32611111
-0.688415 880.41722222
-0.699559 880.08888889
-0.710717 880.34500000
-0.71498 879.99277778
-0.718536 880.75555556
-0.722888 880.49111111
-0.728684 880.21333333
-0.737238 880.40055556
-0.740638 880.60722222
-0.744013 880.21666667
-0.747541 880.28888889
-0.748931 880.10888889
-0.754776 880.77333333
-0.755659 880.88111111
-0.757142 880.44777778
-0.758462 879.99722222
-0.759156 880.73722222
-0.759847 879.98000000
-0.760267 880.12277778
-0.762219 880.85944444
-0.762265 880.21222222
-0.766461 880.05166667
-0.773316 879.91722222
-0.777112 880.13833333
-0.777412 880.47333333
-0.783309 880.34222222
-0.786864 879.99111111
-0.787152 880.18722222
-0.787497 880.30333333
-0.792895 880.10111111
-0.797346 880.48222222
-0.806287 879.97944444
-0.806728 880.56777778
-0.807096 880.74111111
-0.809556 880.26333333
-0.811307 879.92388889
-0.828106 880.37722222
-0.830644 880.20222222
-0.83109 880.63611111
-0.836373 880.07111111
-0.838645 879.91777778
-0.838764 880.10833333
-0.847411 880.80555556
-0.863683 880.05111111
-0.863761 880.72277778
-0.870126 879.94444444
-0.874346 880.80777778
-0.882333 880.12000000
-0.887071 880.32277778
-0.889236 880.28500000
-0.891675 880.74000000
-0.894633 880.89833333
-0.908499 880.75944444
-0.909329 880.73833333
-0.919945 880.90166667
-0.925025 880.20166667
-0.933325 880.65500000
-0.937266 880.59833333
-0.941084 880.00555556
-0.941289 880.38833333
-0.944253 880.43277778
-0.952932 880.36611111
-0.955554 880.43111111
-0.957826 880.52000000
-0.963795 880.34888889
-0.972306 880.90111111
-0.979468 880.05722222
-0.986857 880.17500000
-0.990096 880.00055556
-0.994625 879.93055556
-1.00443 880.83166667
-1.00747 880.02833333
-1.01633 880.09222222
-1.02831 879.96500000
-1.02845 880.23888889
-1.03469 880.41444444
-1.03565 880.22833333
-1.03967 880.48055556
-1.04074 880.40277778
-1.04363 880.30555556
-1.04539 880.49722222
-1.04834 880.86166667
-1.05402 880.45777778
-1.05557 879.93944444
-1.05637 880.72777778
-1.05924 880.09000000
-1.0598 880.25333333
-1.06558 880.03555556
-1.07111 880.81166667
-1.0903 880.79277778
-1.09206 880.67388889
-1.09485 880.22888889
-1.09535 880.52555556
-1.09861 880.07055556
-1.11158 880.68055556
-1.12285 880.17277778
-1.12426 880.85777778
-1.12463 879.94111111
-1.12767 880.79611111
-1.13196 880.10388889
-1.14511 880.36944444
-1.14701 880.82833333
-1.15415 880.90222222
-1.15752 880.08944444
-1.16586 880.66000000
-1.1717 879.98444444
-1.19792 880.59333333
-1.19795 880.84277778
-1.20343 880.70500000
-1.20584 880.42333333
-1.21078 880.18888889
-1.21414 880.32111111
-1.22031 880.20833333
-1.22213 879.98222222
-1.23846 880.61444444
-1.2517 880.71500000
-1.26765 880.74500000
-1.27546 880.23111111
-1.29642 880.37611111
-1.29697 880.16222222
-1.30513 880.12722222
-1.3089 880.76944444
-1.32084 880.66444444
-1.33144 880.52722222
-1.33563 880.34555556
-1.34561 880.57277778
-1.35325 880.04166667
-1.35883 880.71833333
-1.3609 880.42777778
-1.37325 880.53888889
-1.37368 880.07166667
-1.37734 880.70333333
-1.38236 880.88611111
-1.38932 880.13944444
-1.40704 880.69666667
-1.42095 879.92444444
-1.42726 880.29111111
-1.43266 880.60500000
-1.45658 879.94166667
-1.50841 880.82666667
-1.52198 880.39166667
-1.52237 880.52333333
-1.52522 880.66388889
-1.52673 880.44277778
-1.53964 880.37444444
-1.54372 880.84777778
-1.55837 880.73277778
-1.564 880.02555556
-1.57311 880.17888889
-1.61319 880.30277778
-1.63376 880.05333333
-1.6453 880.34444444
-1.6514 880.24888889
-1.67068 880.44444444
-1.69144 880.66111111
-1.69229 880.65666667
-1.6923 880.28055556
-1.73522 880.49277778
-1.76254 880.22555556
-1.77971 880.78888889
-1.79117 880.33166667
-1.85004 880.32666667
-1.89754 880.74833333
-1.93434 879.96222222
-1.95156 880.90055556
-2.04305 880.12222222
-2.0852 879.94055556
-2.18732 880.43944444
